1 54
2 67
3 68
4 43
5 27
6 26
7 96
8 51
9 59
10 57
11 81
12 60
13 88
14 47
15 1
16 16
17 6
18 5
19 45
20 45
21 43
22 65
23 28
24 31
25 35
26 96
27 27
28 69
29 41
30 10
31 9
32 33
33 21
34 59
35 71
36 29
37 35
38 93
39 28
40 38
41 70
42 89
43 31
44 45
45 48
46 6
47 47
48 67
49 42
50 27
51 65
52 96
53 61
54 34
55 43
56 81
57 51
58 32
59 69
60 28
61 4
62 71
63 57
64 44
65 48
66 59
67 49
68 71
69 59
70 29
71 72
72 76
73 3
74 35
75 52
76 16
77 8
78 68
79 41
80 69
81 31
82 72
83 18
84 67
85 78
86 83
87 49
88 63
89 25
90 80
91 18
92 64
93 62
94 34
95 78
96 34
97 100
98 57
99 80
100 27
