1 66
2 81
3 88
4 62
5 10
6 9
7 48
8 16
9 21
10 73
11 91
12 81
13 62
14 58
15 27
16 95
17 21
18 49
19 96
20 33
21 73
22 71
23 57
24 95
25 60
26 25
27 75
28 20
29 2
30 34
31 25
32 85
33 6
34 15
35 11
36 13
37 53
38 16
39 93
40 67
41 64
42 60
43 75
44 31
45 26
46 72
47 16
48 27
49 12
50 87
51 88
52 28
53 88
54 39
55 49
56 81
57 95
58 3
59 91
60 13
61 29
62 44
63 89
64 8
65 57
66 15
67 66
68 3
69 33
70 31
71 15
72 32
73 45
74 34
75 17
76 50
77 77
78 73
79 13
80 79
81 31
82 5
83 78
84 36
85 38
86 31
87 11
88 11
89 18
90 79
91 2
92 93
93 80
94 74
95 59
96 34
97 37
98 7
99 76
100 8
101 30
102 72
103 20
104 13
105 42
106 20
107 37
108 16
109 94
110 21
111 67
112 56
113 71
114 45
115 100
116 88
117 48
118 76
119 94
120 43
121 31
122 49
123 21
124 81
125 10
126 81
127 97
128 3
129 100
130 26
131 48
132 80
133 93
134 42
135 69
136 84
137 88
138 52
139 46
140 77
141 70
142 71
143 24
144 60
145 81
146 93
147 92
148 55
149 26
150 90
151 44
152 60
153 61
154 34
155 67
156 67
157 64
158 94
159 10
160 32
161 79
162 51
163 7
164 34
165 83
166 93
167 69
168 59
169 24
170 65
171 86
172 6
173 66
174 88
175 27
176 7
177 21
178 36
179 33
180 51
181 32
182 58
183 2
184 55
185 29
186 85
187 20
188 71
189 40
190 52
191 55
192 50
193 54
194 66
195 55
196 62
197 51
198 13
199 78
200 85
201 73
202 11
203 92
204 62
205 89
206 95
207 30
208 78
209 41
210 27
211 20
212 52
213 55
214 28
215 33
216 30
217 36
218 15
219 96
220 17
221 80
222 55
223 70
224 59
225 50
226 45
227 58
228 68
229 31
230 45
231 51
232 52
233 40
234 3
235 89
236 89
237 99
238 44
239 43
240 91
241 93
242 90
243 60
244 56
245 31
246 44
247 68
248 26
249 74
250 55
251 54
252 45
253 92
254 56
255 26
256 13
257 54
258 67
259 47
260 32
261 67
262 20
263 93
264 38
265 41
266 80
267 100
268 30
269 34
270 10
271 97
272 92
273 62
274 41
275 95
276 48
277 71
278 93
279 84
280 75
281 70
282 27
283 19
284 42
285 84
286 58
287 14
288 36
289 61
290 46
291 59
292 97
293 55
294 27
295 50
296 76
297 51
298 4
299 89
300 77
301 65
302 13
303 41
304 86
305 21
306 34
307 47
308 8
309 28
310 86
311 2
312 81
313 41
314 58
315 35
316 93
317 36
318 57
319 46
320 47
321 44
322 98
323 94
324 83
325 23
326 98
327 23
328 39
329 82
330 70
331 27
332 34
333 79
334 62
335 57
336 77
337 14
338 40
339 88
340 30
341 77
342 57
343 8
344 18
345 93
346 2
347 46
348 71
349 89
350 94
351 86
352 27
353 45
354 21
355 96
356 25
357 22
358 25
359 100
360 63
361 81
362 56
363 80
364 13
365 77
366 26
367 6
368 42
369 65
370 41
371 37
372 78
373 27
374 88
375 7
376 65
377 23
378 98
379 94
380 34
381 64
382 38
383 7
384 1
385 100
386 12
387 63
388 31
389 53
390 97
391 19
392 80
393 61
394 85
395 24
396 56
397 7
398 28
399 94
400 30
401 6
402 56
403 82
404 54
405 59
406 66
407 96
408 53
409 69
410 53
411 48
412 64
413 1
414 99
415 70
416 46
417 81
418 99
419 84
420 76
421 15
422 64
423 59
424 91
425 44
426 18
427 85
428 72
429 17
430 69
431 63
432 80
433 40
434 88
435 23
436 7
437 80
438 53
439 60
440 47
441 62
442 38
443 59
444 19
445 24
446 54
447 31
448 26
449 65
450 4
451 91
452 9
453 74
454 28
455 47
456 52
457 47
458 75
459 5
460 14
461 34
462 69
463 15
464 72
465 17
466 99
467 48
468 48
469 16
470 95
471 2
472 49
473 23
474 29
475 34
476 15
477 37
478 9
479 71
480 54
481 29
482 28
483 50
484 95
485 65
486 58
487 95
488 90
489 73
490 73
491 33
492 64
493 67
494 41
495 49
496 97
497 47
498 8
499 26
500 10
