1 677
2 382
3 330
4 703
5 913
6 776
7 999
8 666
9 901
10 483
11 921
12 116
13 310
14 327
15 740
16 145
17 94
18 640
19 966
20 83
21 432
22 363
23 885
24 84
25 96
26 798
27 557
28 983
29 889
30 78
31 851
32 768
33 810
34 729
35 461
36 892
37 901
38 397
39 678
40 540
41 298
42 184
43 279
44 959
45 905
46 840
47 279
48 889
49 189
50 423
51 452
52 176
53 92
54 967
55 436
56 669
57 692
58 87
59 1000
60 576
61 278
62 461
63 530
64 578
65 745
66 574
67 52
68 89
69 775
70 166
71 228
72 274
73 86
74 379
75 545
76 573
77 170
78 652
79 589
80 758
81 281
82 91
83 676
84 771
85 174
86 121
87 316
88 905
89 990
90 973
91 948
92 197
93 948
94 717
95 134
96 266
97 21
98 333
99 933
100 201
101 564
102 563
103 506
104 528
105 935
106 112
107 63
108 729
109 526
110 82
111 171
112 256
113 255
114 403
115 85
116 515
117 486
118 432
119 209
120 794
121 558
122 807
123 995
124 727
125 590
126 104
127 627
128 458
129 982
130 860
131 572
132 304
133 99
134 18
135 678
136 403
137 938
138 936
139 844
140 501
141 198
142 666
143 376
144 780
145 61
146 338
147 99
148 384
149 160
150 133
151 952
152 75
153 682
154 511
155 269
156 297
157 261
158 55
159 205
160 758
161 362
162 572
163 801
164 532
165 127
166 824
167 977
168 607
169 267
170 595
171 361
172 721
173 401
174 629
175 227
176 356
177 425
178 343
179 959
180 704
181 901
182 116
183 426
184 532
185 142
186 389
187 347
188 868
189 689
190 768
191 235
192 611
193 121
194 822
195 796
196 219
197 685
198 293
199 711
200 880
201 69
202 970
203 589
204 686
205 764
206 606
207 489
208 625
209 815
210 835
211 830
212 416
213 480
214 212
215 682
216 531
217 237
218 193
219 421
220 57
221 828
222 56
223 458
224 412
225 535
226 528
227 301
228 290
229 710
230 159
231 523
232 668
233 615
234 260
235 290
236 105
237 18
238 611
239 989
240 79
241 647
242 952
243 155
244 591
245 473
246 726
247 332
248 827
249 62
250 434
251 715
252 220
253 665
254 438
255 431
256 869
257 528
258 47
259 108
260 904
261 918
262 241
263 901
264 45
265 699
266 428
267 562
268 310
269 921
270 254
271 190
272 543
273 751
274 551
275 258
276 198
277 259
278 217
279 178
280 607
281 24
282 946
283 143
284 777
285 275
286 485
287 228
288 611
289 265
290 302
291 784
292 345
293 911
294 347
295 932
296 886
297 290
298 885
299 619
300 707
301 442
302 216
303 10
304 914
305 84
306 465
307 193
308 121
309 260
310 530
311 97
312 789
313 628
314 700
315 232
316 794
317 129
318 416
319 381
320 50
321 983
322 158
323 648
324 164
325 554
326 432
327 317
328 289
329 431
330 427
331 840
332 479
333 189
334 964
335 895
336 146
337 688
338 998
339 852
340 425
341 435
342 83
343 176
344 569
345 490
346 867
347 282
348 812
349 644
350 940
351 78
352 487
353 81
354 48
355 1
356 569
357 587
358 6
359 625
360 249
361 384
362 429
363 51
364 543
365 92
366 722
367 139
368 481
369 903
370 679
371 311
372 872
373 23
374 390
375 95
376 222
377 621
378 133
379 784
380 926
381 994
382 352
383 612
384 479
385 458
386 847
387 598
388 69
389 496
390 788
391 804
392 580
393 37
394 277
395 72
396 753
397 334
398 695
399 455
400 941
401 830
402 264
403 439
404 690
405 539
406 855
407 759
408 144
409 945
410 260
411 83
412 110
413 165
414 879
415 74
416 446
417 96
418 1
419 383
420 362
421 633
422 619
423 939
424 88
425 545
426 63
427 503
428 352
429 528
430 529
431 800
432 58
433 45
434 983
435 746
436 585
437 11
438 793
439 185
440 158
441 76
442 900
443 294
444 803
445 257
446 273
447 301
448 529
449 902
450 903
451 458
452 481
453 579
454 613
455 263
456 995
457 236
458 518
459 765
460 680
461 152
462 43
463 440
464 862
465 556
466 44
467 487
468 14
469 479
470 719
471 634
472 53
473 343
474 662
475 466
476 734
477 43
478 656
479 70
480 706
481 790
482 515
483 320
484 184
485 768
486 568
487 410
488 611
489 758
490 203
491 390
492 124
493 226
494 187
495 276
496 116
497 18
498 386
499 17
500 694
501 737
502 880
503 996
504 388
505 62
506 420
507 999
508 1
509 776
510 616
511 550
512 146
513 22
514 248
515 330
516 592
517 351
518 623
519 932
520 254
521 478
522 948
523 561
524 326
525 247
526 271
527 415
528 800
529 195
530 673
531 388
532 377
533 322
534 32
535 421
536 538
537 62
538 881
539 307
540 401
541 240
542 550
543 990
544 824
545 791
546 86
547 446
548 88
549 313
550 163
551 51
552 430
553 132
554 539
555 903
556 633
557 364
558 430
559 989
560 850
561 670
562 552
563 206
564 860
565 764
566 480
567 206
568 991
569 461
570 395
571 736
572 10
573 59
574 260
575 672
576 381
577 61
578 964
579 199
580 452
581 849
582 980
583 671
584 249
585 723
586 658
587 521
588 806
589 814
590 343
591 227
592 137
593 810
594 152
595 734
596 252
597 72
598 354
599 926
600 899
601 688
602 21
603 723
604 9
605 252
606 797
607 104
608 231
609 653
610 391
611 919
612 253
613 973
614 677
615 635
616 100
617 674
618 68
619 292
620 969
621 601
622 206
623 779
624 708
625 975
626 831
627 240
628 497
629 482
630 142
631 821
632 869
633 756
634 839
635 218
636 768
637 39
638 555
639 469
640 924
641 582
642 328
643 214
644 497
645 390
646 324
647 237
648 575
649 223
650 57
651 404
652 817
653 423
654 949
655 283
656 271
657 980
658 185
659 604
660 132
661 451
662 477
663 426
664 21
665 792
666 515
667 347
668 170
669 893
670 618
671 317
672 757
673 644
674 313
675 699
676 510
677 616
678 371
679 976
680 640
681 75
682 123
683 147
684 67
685 858
686 708
687 189
688 926
689 809
690 290
691 168
692 309
693 895
694 162
695 460
696 275
697 804
698 113
699 323
700 194
701 854
702 354
703 516
704 632
705 251
706 838
707 970
708 87
709 343
710 799
711 571
712 61
713 302
714 911
715 951
716 166
717 793
718 544
719 830
720 155
721 577
722 209
723 840
724 62
725 685
726 460
727 952
728 907
729 714
730 160
731 615
732 740
733 76
734 258
735 444
736 169
737 521
738 975
739 835
740 877
741 59
742 532
743 212
744 73
745 491
746 407
747 679
748 241
749 102
750 409
751 744
752 55
753 739
754 740
755 447
756 820
757 394
758 619
759 634
760 344
761 625
762 955
763 365
764 714
765 637
766 48
767 439
768 63
769 612
770 250
771 788
772 31
773 916
774 90
775 76
776 305
777 142
778 369
779 164
780 305
781 580
782 372
783 242
784 823
785 553
786 421
787 335
788 176
789 282
790 659
791 567
792 210
793 347
794 141
795 46
796 352
797 593
798 9
799 493
800 699
801 313
802 773
803 741
804 90
805 846
806 500
807 82
808 953
809 321
810 22
811 1
812 711
813 122
814 86
815 232
816 494
817 796
818 775
819 223
820 902
821 547
822 402
823 28
824 628
825 175
826 510
827 385
828 799
829 287
830 590
831 200
832 6
833 876
834 607
835 998
836 124
837 933
838 451
839 901
840 200
841 557
842 994
843 588
844 858
845 156
846 505
847 292
848 923
849 718
850 816
851 306
852 218
853 812
854 756
855 647
856 763
857 911
858 70
859 520
860 944
861 899
862 245
863 949
864 574
865 105
866 402
867 482
868 131
869 28
870 702
871 212
872 895
873 992
874 503
875 411
876 140
877 318
878 859
879 987
880 23
881 262
882 797
883 607
884 308
885 873
886 245
887 783
888 623
889 136
890 360
891 425
892 491
893 257
894 532
895 374
896 11
897 694
898 267
899 217
900 673
901 619
902 738
903 217
904 469
905 780
906 798
907 592
908 157
909 389
910 867
911 444
912 248
913 521
914 213
915 581
916 85
917 690
918 793
919 166
920 108
921 740
922 12
923 563
924 295
925 889
926 453
927 50
928 552
929 814
930 894
931 50
932 767
933 949
934 679
935 393
936 112
937 738
938 846
939 671
940 161
941 474
942 215
943 169
944 331
945 450
946 50
947 965
948 207
949 629
950 755
951 775
952 304
953 691
954 562
955 814
956 936
957 332
958 54
959 436
960 922
961 948
962 939
963 634
964 30
965 381
966 437
967 504
968 195
969 243
970 270
971 652
972 769
973 428
974 269
975 125
976 268
977 831
978 287
979 880
980 347
981 958
982 202
983 975
984 33
985 62
986 517
987 627
988 552
989 684
990 265
991 73
992 447
993 977
994 644
995 650
996 70
997 22
998 123
999 862
1000 940
