1 1563
2 877
3 1102
4 1530
5 1631
6 1876
7 976
8 138
9 1298
10 1813
11 1195
12 2112
13 2239
14 1894
15 864
16 1099
17 1055
18 1030
19 1799
20 111
21 288
22 684
23 1947
24 806
25 1993
26 152
27 2253
28 2412
29 407
30 2169
31 729
32 2167
33 861
34 294
35 2005
36 2462
37 1167
38 215
39 2459
40 1076
41 1891
42 1962
43 102
44 2495
45 510
46 1490
47 2218
48 281
49 1657
50 696
51 2390
52 325
53 1316
54 2222
55 1889
56 121
57 2017
58 1774
59 1062
60 2301
61 1297
62 1223
63 1742
64 1772
65 1913
66 452
67 1869
68 2181
69 2031
70 2223
71 980
72 1824
73 1875
74 2295
75 2365
76 1266
77 76
78 1640
79 2212
80 106
81 763
82 1330
83 254
84 793
85 1233
86 1065
87 449
88 794
89 2346
90 1830
91 1473
92 697
93 2140
94 1838
95 347
96 8
97 2491
98 200
99 802
100 1969
101 1519
102 2255
103 1043
104 1156
105 824
106 1527
107 916
108 488
109 1507
110 1030
111 1048
112 2490
113 1377
114 1024
115 1401
116 796
117 141
118 1286
119 1304
120 1884
121 2335
122 1173
123 2399
124 1437
125 1693
126 2472
127 112
128 2042
129 653
130 1036
131 660
132 1597
133 2150
134 713
135 1791
136 2410
137 394
138 2317
139 1421
140 1901
141 300
142 1252
143 1524
144 2229
145 1823
146 2362
147 127
148 357
149 473
150 2233
151 2003
152 2272
153 1348
154 2453
155 1170
156 55
157 1137
158 2227
159 577
160 946
161 593
162 326
163 1412
164 866
165 1655
166 2022
167 1260
168 1042
169 955
170 1513
171 1924
172 489
173 152
174 1813
175 1571
176 1582
177 661
178 2199
179 1944
180 842
181 1038
182 563
183 2286
184 2285
185 1950
186 1932
187 2235
188 1407
189 1408
190 2424
191 1348
192 1344
193 1621
194 138
195 623
196 1763
197 1097
198 740
199 1252
200 306
201 1347
202 1022
203 612
204 1169
205 1857
206 772
207 2402
208 482
209 2226
210 2060
211 2119
212 1182
213 1711
214 417
215 518
216 928
217 1228
218 1913
219 1489
220 427
221 1166
222 1303
223 1819
224 1182
225 263
226 1712
227 1060
228 1250
229 1110
230 787
231 335
232 50
233 1766
234 1808
235 1703
236 1112
237 335
238 1004
239 2301
240 2362
241 291
242 1673
243 2357
244 2221
245 1234
246 1710
247 751
248 1248
249 239
250 1301
251 1232
252 1007
253 376
254 1844
255 1515
256 1623
257 487
258 551
259 1434
260 2172
261 1275
262 304
263 2471
264 1146
265 2273
266 1014
267 1967
268 181
269 2276
270 2085
271 1026
272 617
273 2358
274 617
275 589
276 1691
277 643
278 1550
279 418
280 1328
281 1579
282 1788
283 738
284 501
285 2022
286 224
287 1059
288 65
289 2058
290 2131
291 255
292 2294
293 102
294 2130
295 1263
296 537
297 1923
298 2206
299 364
300 2003
301 1915
302 308
303 2340
304 687
305 2073
306 604
307 1399
308 2306
309 2330
310 1283
311 1140
312 895
313 80
314 2160
315 2468
316 2353
317 1940
318 2383
319 1269
320 1289
321 2012
322 749
323 317
324 1463
325 655
326 2408
327 2334
328 1919
329 1029
330 1248
331 812
332 654
333 2432
334 1814
335 2171
336 261
337 2265
338 877
339 2070
340 490
341 2217
342 1662
343 165
344 1062
345 1629
346 731
347 1396
348 1853
349 1786
350 1232
351 378
352 1728
353 1763
354 1479
355 1310
356 1891
357 1794
358 2321
359 1327
360 2038
361 1539
362 298
363 577
364 483
365 477
366 1361
367 2391
368 114
369 1110
370 1744
371 1756
372 720
373 66
374 1135
375 2435
376 2189
377 116
378 905
379 2457
380 15
381 116
382 1971
383 1874
384 1861
385 2322
386 273
387 554
388 1566
389 40
390 441
391 26
392 118
393 552
394 2425
395 1787
396 1547
397 1315
398 1707
399 223
400 560
401 1422
402 1226
403 1283
404 506
405 406
406 2271
407 768
408 2375
409 2
410 2359
411 1135
412 585
413 1598
414 544
415 473
416 1734
417 157
418 2166
419 1856
420 790
421 2067
422 718
423 614
424 410
425 1943
426 1863
427 1079
428 683
429 2105
430 1122
431 775
432 1038
433 566
434 2335
435 1064
436 982
437 1588
438 1299
439 1676
440 1571
441 2019
442 348
443 2160
444 165
445 1854
446 208
447 1212
448 2106
449 1166
450 125
451 2
452 1837
453 324
454 1077
455 541
456 373
457 1128
458 2377
459 2358
460 700
461 794
462 1529
463 193
464 317
465 997
466 981
467 2154
468 633
469 468
470 776
471 1801
472 1316
473 1987
474 645
475 1336
476 1472
477 415
478 1240
479 1670
480 1215
481 278
482 2007
483 858
484 1740
485 1775
486 155
487 530
488 1970
489 442
490 1260
491 195
492 192
493 645
494 2262
495 1946
496 2332
497 1427
498 1995
499 419
500 2144
501 209
502 382
503 2477
504 105
505 259
506 97
507 501
508 2213
509 1810
510 1254
511 2307
512 2178
513 1686
514 656
515 2112
516 702
517 2266
518 2157
519 700
520 1098
521 152
522 1459
523 1336
524 1482
525 383
526 1955
527 1232
528 136
529 1114
530 784
531 1332
532 2368
533 1215
534 841
535 2419
536 1875
537 1799
538 310
539 600
540 2095
541 2281
542 1157
543 2440
544 1009
545 2190
546 2112
547 2130
548 1131
549 1521
550 2333
551 2316
552 137
553 89
554 1816
555 1849
556 1691
557 2470
558 1055
559 9
560 487
561 2273
562 609
563 398
564 432
565 182
566 957
567 1039
568 118
569 1867
570 1956
571 389
572 449
573 2110
574 1720
575 1833
576 263
577 181
578 1958
579 1941
580 2299
581 1253
582 588
583 167
584 1127
585 1902
586 442
587 2389
588 1925
589 2005
590 2456
591 152
592 1557
593 622
594 487
595 1699
596 1452
597 2279
598 292
599 2376
600 123
601 2350
602 2210
603 766
604 1987
605 1092
606 778
607 417
608 807
609 243
610 2279
611 350
612 631
613 1415
614 710
615 563
616 2071
617 1948
618 1217
619 1585
620 2096
621 1246
622 267
623 2233
624 1257
625 1540
626 1221
627 2069
628 889
629 1457
630 2450
631 2169
632 1837
633 1200
634 309
635 2223
636 682
637 2113
638 1057
639 1134
640 1714
641 875
642 1755
643 2169
644 614
645 2062
646 227
647 2464
648 1359
649 2296
650 904
651 61
652 1365
653 2260
654 1693
655 2433
656 1203
657 1861
658 2050
659 890
660 2014
661 1375
662 1505
663 535
664 855
665 12
666 1232
667 427
668 1772
669 364
670 1122
671 908
672 787
673 348
674 1379
675 2079
676 1331
677 845
678 891
679 1728
680 318
681 2360
682 1901
683 76
684 1702
685 198
686 2052
687 67
688 1293
689 2285
690 427
691 513
692 1514
693 1955
694 1535
695 292
696 33
697 2211
698 15
699 2419
700 1886
701 678
702 1950
703 2238
704 698
705 679
706 793
707 1615
708 1125
709 1130
710 2277
711 987
712 1392
713 1162
714 614
715 787
716 2087
717 2191
718 407
719 746
720 2418
721 423
722 2425
723 2308
724 708
725 1567
726 1797
727 888
728 1728
729 1882
730 1679
731 947
732 2304
733 491
734 1634
735 415
736 762
737 2235
738 255
739 1773
740 381
741 739
742 1021
743 149
744 1943
745 208
746 1448
747 1646
748 818
749 1877
750 835
751 155
752 2290
753 1955
754 1261
755 834
756 2401
757 2327
758 19
759 471
760 661
761 710
762 1796
763 1917
764 333
765 930
766 704
767 1372
768 1830
769 1458
770 729
771 1250
772 2442
773 1319
774 671
775 22
776 1173
777 2004
778 1432
779 1408
780 961
781 2047
782 1807
783 965
784 1904
785 2424
786 1450
787 1138
788 854
789 1035
790 1317
791 1071
792 2405
793 550
794 164
795 2473
796 1311
797 1021
798 580
799 147
800 1812
801 1721
802 2103
803 299
804 137
805 832
806 2173
807 1564
808 179
809 1683
810 467
811 281
812 1411
813 422
814 1208
815 356
816 121
817 2149
818 1086
819 1677
820 2384
821 723
822 240
823 1917
824 2499
825 1630
826 127
827 2200
828 1239
829 27
830 141
831 2482
832 1818
833 2299
834 2026
835 217
836 448
837 1678
838 2470
839 759
840 128
841 1767
842 2194
843 186
844 1087
845 1049
846 1967
847 684
848 1369
849 1765
850 2239
851 364
852 1583
853 342
854 936
855 876
856 1190
857 1362
858 1000
859 2452
860 32
861 412
862 431
863 2037
864 432
865 476
866 372
867 953
868 2294
869 1932
870 1241
871 1620
872 1061
873 49
874 492
875 649
876 1246
877 1328
878 821
879 754
880 1484
881 886
882 1988
883 1243
884 672
885 58
886 449
887 1511
888 1292
889 1296
890 1131
891 1309
892 403
893 1423
894 2482
895 740
896 1104
897 1772
898 1838
899 1844
900 2440
901 2215
902 750
903 2309
904 1314
905 602
906 1602
907 320
908 930
909 2158
910 208
911 232
912 1661
913 2398
914 1572
915 1784
916 1971
917 2195
918 136
919 774
920 1676
921 2186
922 1589
923 1651
924 2361
925 805
926 761
927 2255
928 170
929 791
930 1648
931 474
932 2033
933 684
934 1329
935 1894
936 72
937 410
938 1869
939 1610
940 527
941 1213
942 769
943 2175
944 540
945 2370
946 1166
947 806
948 996
949 276
950 209
951 2315
952 1388
953 2188
954 465
955 2362
956 847
957 2135
958 2247
959 1071
960 500
961 201
962 1905
963 2159
964 1265
965 1155
966 2489
967 220
968 547
969 1631
970 1118
971 962
972 967
973 1839
974 1996
975 1188
976 1913
977 595
978 288
979 2026
980 184
981 1215
982 2405
983 423
984 1880
985 680
986 315
987 163
988 1485
989 284
990 1130
991 2227
992 765
993 336
994 1047
995 58
996 2157
997 1839
998 2143
999 909
1000 1278
1001 1974
1002 1647
1003 2237
1004 1036
1005 81
1006 984
1007 2206
1008 553
1009 1755
1010 1320
1011 729
1012 743
1013 615
1014 779
1015 2087
1016 2382
1017 207
1018 1212
1019 2063
1020 1960
1021 7
1022 1638
1023 1656
1024 334
1025 1924
1026 1442
1027 907
1028 1969
1029 2214
1030 1467
1031 2490
1032 555
1033 714
1034 351
1035 734
1036 321
1037 2327
1038 1828
1039 2399
1040 1179
1041 2209
1042 1170
1043 1064
1044 119
1045 1201
1046 624
1047 2187
1048 885
1049 1554
1050 1934
1051 934
1052 1525
1053 148
1054 1482
1055 2151
1056 2292
1057 1936
1058 104
1059 1378
1060 2236
1061 515
1062 379
1063 146
1064 1474
1065 320
1066 1469
1067 329
1068 275
1069 1087
1070 628
1071 1207
1072 531
1073 2411
1074 1043
1075 1474
1076 101
1077 1875
1078 510
1079 1803
1080 758
1081 1941
1082 1773
1083 1722
1084 1131
1085 981
1086 935
1087 2460
1088 2088
1089 64
1090 31
1091 65
1092 929
1093 1856
1094 1146
1095 588
1096 110
1097 1216
1098 2453
1099 1241
1100 909
1101 1391
1102 1127
1103 993
1104 81
1105 2444
1106 1844
1107 733
1108 540
1109 2395
1110 2458
1111 2154
1112 483
1113 1341
1114 465
1115 770
1116 1679
1117 2169
1118 29
1119 2007
1120 1801
1121 827
1122 2169
1123 95
1124 243
1125 1967
1126 115
1127 60
1128 1821
1129 2163
1130 466
1131 925
1132 608
1133 308
1134 979
1135 827
1136 1866
1137 690
1138 211
1139 2126
1140 1199
1141 1183
1142 231
1143 1664
1144 1523
1145 1930
1146 1254
1147 773
1148 399
1149 1353
1150 1381
1151 1237
1152 39
1153 1292
1154 507
1155 2360
1156 2
1157 1566
1158 69
1159 463
1160 673
1161 1268
1162 2004
1163 587
1164 1575
1165 2102
1166 1128
1167 894
1168 2444
1169 616
1170 162
1171 743
1172 1725
1173 1249
1174 750
1175 1146
1176 1810
1177 655
1178 2076
1179 1356
1180 359
1181 863
1182 1145
1183 81
1184 2455
1185 1929
1186 289
1187 1877
1188 1698
1189 1349
1190 706
1191 1101
1192 1989
1193 119
1194 641
1195 2324
1196 898
1197 1502
1198 826
1199 23
1200 2477
1201 692
1202 377
1203 1403
1204 2247
1205 1756
1206 1142
1207 2119
1208 2357
1209 2432
1210 2363
1211 282
1212 587
1213 50
1214 581
1215 2053
1216 398
1217 590
1218 1856
1219 2278
1220 656
1221 110
1222 2246
1223 1063
1224 530
1225 1038
1226 404
1227 1892
1228 2237
1229 99
1230 769
1231 1343
1232 1940
1233 2424
1234 2097
1235 2199
1236 2101
1237 190
1238 1405
1239 740
1240 1995
1241 1464
1242 483
1243 272
1244 1834
1245 754
1246 759
1247 1472
1248 175
1249 2107
1250 107
1251 913
1252 1309
1253 982
1254 2165
1255 2221
1256 1794
1257 2471
1258 2264
1259 2097
1260 650
1261 876
1262 1858
1263 1070
1264 949
1265 1528
1266 156
1267 1173
1268 1676
1269 171
1270 204
1271 2375
1272 244
1273 689
1274 1795
1275 1469
1276 446
1277 885
1278 382
1279 1299
1280 454
1281 1023
1282 2098
1283 2089
1284 619
1285 805
1286 46
1287 353
1288 1440
1289 2491
1290 1265
1291 1809
1292 524
1293 851
1294 2087
1295 407
1296 1225
1297 2211
1298 2131
1299 1113
1300 2389
1301 2383
1302 1287
1303 1780
1304 793
1305 1851
1306 2334
1307 2008
1308 371
1309 1140
1310 1739
1311 1615
1312 278
1313 2439
1314 248
1315 928
1316 2108
1317 120
1318 564
1319 1898
1320 343
1321 436
1322 1763
1323 605
1324 1652
1325 1855
1326 1555
1327 582
1328 671
1329 2090
1330 621
1331 2471
1332 2280
1333 1128
1334 531
1335 1418
1336 620
1337 1193
1338 623
1339 1724
1340 792
1341 2331
1342 2274
1343 1206
1344 213
1345 998
1346 1184
1347 353
1348 518
1349 1282
1350 2088
1351 1326
1352 269
1353 1662
1354 803
1355 1535
1356 917
1357 1927
1358 603
1359 999
1360 1084
1361 231
1362 1148
1363 1919
1364 2241
1365 1503
1366 1108
1367 394
1368 2228
1369 781
1370 102
1371 1479
1372 1875
1373 857
1374 1790
1375 2291
1376 1617
1377 480
1378 208
1379 1199
1380 2098
1381 2212
1382 916
1383 1645
1384 174
1385 430
1386 2113
1387 2012
1388 2114
1389 2341
1390 1077
1391 524
1392 1483
1393 812
1394 689
1395 1512
1396 356
1397 2213
1398 1779
1399 1523
1400 1510
1401 450
1402 2191
1403 617
1404 1152
1405 2282
1406 273
1407 861
1408 1537
1409 1534
1410 1383
1411 445
1412 514
1413 753
1414 1130
1415 521
1416 633
1417 913
1418 725
1419 330
1420 1391
1421 257
1422 714
1423 1890
1424 2070
1425 2416
1426 1824
1427 992
1428 1882
1429 1494
1430 815
1431 1511
1432 1236
1433 369
1434 2475
1435 41
1436 527
1437 549
1438 1340
1439 148
1440 725
1441 29
1442 751
1443 75
1444 887
1445 2173
1446 74
1447 2031
1448 1392
1449 1330
1450 725
1451 303
1452 811
1453 1987
1454 655
1455 1729
1456 1311
1457 441
1458 16
1459 708
1460 2344
1461 1172
1462 536
1463 1774
1464 170
1465 1745
1466 6
1467 918
1468 1400
1469 319
1470 1315
1471 2223
1472 2287
1473 1027
1474 173
1475 1563
1476 1950
1477 2275
1478 1962
1479 1538
1480 2040
1481 1205
1482 1121
1483 1532
1484 54
1485 1902
1486 1084
1487 1230
1488 1143
1489 141
1490 1515
1491 163
1492 1254
1493 1339
1494 2486
1495 2373
1496 304
1497 640
1498 2247
1499 1507
1500 429
1501 2428
1502 1430
1503 211
1504 951
1505 893
1506 1794
1507 983
1508 1336
1509 1144
1510 2112
1511 1192
1512 815
1513 1748
1514 2342
1515 298
1516 1221
1517 1953
1518 2486
1519 2416
1520 309
1521 295
1522 1884
1523 2185
1524 1467
1525 665
1526 717
1527 1578
1528 2227
1529 2414
1530 623
1531 2112
1532 900
1533 2477
1534 647
1535 1138
1536 462
1537 14
1538 633
1539 2246
1540 1487
1541 16
1542 1795
1543 1054
1544 1528
1545 1863
1546 857
1547 1074
1548 1789
1549 1819
1550 37
1551 57
1552 813
1553 2489
1554 152
1555 230
1556 1650
1557 2322
1558 716
1559 1055
1560 1109
1561 1800
1562 1710
1563 663
1564 2242
1565 42
1566 1608
1567 1901
1568 1604
1569 1156
1570 299
1571 954
1572 1193
1573 1264
1574 1224
1575 850
1576 1114
1577 2285
1578 1923
1579 1170
1580 667
1581 2181
1582 1116
1583 1698
1584 2
1585 1037
1586 1094
1587 1297
1588 1877
1589 543
1590 1447
1591 1680
1592 819
1593 1099
1594 1541
1595 1416
1596 145
1597 1011
1598 2215
1599 857
1600 842
1601 939
1602 1831
1603 1393
1604 247
1605 1523
1606 653
1607 2341
1608 308
1609 337
1610 460
1611 996
1612 2394
1613 1122
1614 942
1615 818
1616 777
1617 1016
1618 629
1619 1980
1620 2359
1621 298
1622 513
1623 2477
1624 1161
1625 1499
1626 542
1627 1783
1628 2327
1629 543
1630 320
1631 49
1632 2093
1633 1940
1634 664
1635 1633
1636 2236
1637 429
1638 2111
1639 2327
1640 2448
1641 309
1642 40
1643 2456
1644 1956
1645 1153
1646 1337
1647 609
1648 2423
1649 1935
1650 1854
1651 140
1652 287
1653 105
1654 2458
1655 180
1656 738
1657 23
1658 1590
1659 2289
1660 2400
1661 1658
1662 1558
1663 547
1664 1624
1665 420
1666 1719
1667 1773
1668 450
1669 2485
1670 1760
1671 1275
1672 401
1673 1973
1674 15
1675 463
1676 224
1677 1855
1678 110
1679 884
1680 2065
1681 2019
1682 1693
1683 2201
1684 2307
1685 455
1686 181
1687 1921
1688 442
1689 2098
1690 1198
1691 2145
1692 1886
1693 1947
1694 294
1695 916
1696 1068
1697 2174
1698 116
1699 294
1700 1917
1701 2060
1702 371
1703 62
1704 1613
1705 2211
1706 762
1707 79
1708 24
1709 661
1710 1074
1711 609
1712 1756
1713 629
1714 674
1715 1072
1716 119
1717 369
1718 1980
1719 1047
1720 67
1721 2252
1722 1324
1723 455
1724 339
1725 908
1726 1196
1727 1312
1728 1069
1729 1513
1730 19
1731 1046
1732 2061
1733 1500
1734 1935
1735 2358
1736 1285
1737 2276
1738 2053
1739 1783
1740 328
1741 1750
1742 2180
1743 1060
1744 1177
1745 1298
1746 836
1747 2198
1748 1696
1749 2080
1750 1719
1751 1049
1752 547
1753 433
1754 1804
1755 544
1756 1104
1757 407
1758 1439
1759 701
1760 557
1761 859
1762 1596
1763 858
1764 2495
1765 2374
1766 391
1767 124
1768 1176
1769 675
1770 2053
1771 2359
1772 1071
1773 572
1774 1779
1775 2105
1776 977
1777 398
1778 1752
1779 226
1780 639
1781 1335
1782 2125
1783 136
1784 1823
1785 1459
1786 911
1787 2413
1788 190
1789 766
1790 1023
1791 2204
1792 1637
1793 979
1794 1116
1795 274
1796 1924
1797 2339
1798 1983
1799 2233
1800 1529
1801 1677
1802 1941
1803 1416
1804 1093
1805 1499
1806 511
1807 1610
1808 1723
1809 1426
1810 2186
1811 1308
1812 1144
1813 828
1814 1204
1815 1413
1816 1327
1817 82
1818 1542
1819 814
1820 785
1821 2473
1822 1230
1823 1564
1824 113
1825 1832
1826 1656
1827 2410
1828 186
1829 139
1830 738
1831 1229
1832 1120
1833 1944
1834 1156
1835 1027
1836 1705
1837 1094
1838 1317
1839 468
1840 992
1841 2424
1842 2367
1843 1023
1844 1103
1845 1752
1846 1785
1847 1203
1848 599
1849 1692
1850 524
1851 1456
1852 873
1853 1019
1854 1194
1855 1242
1856 1630
1857 1549
1858 1949
1859 2440
1860 407
1861 1214
1862 2079
1863 695
1864 437
1865 295
1866 771
1867 997
1868 883
1869 2015
1870 75
1871 762
1872 1067
1873 1512
1874 1896
1875 420
1876 828
1877 983
1878 1687
1879 477
1880 25
1881 1130
1882 1048
1883 335
1884 1498
1885 2359
1886 102
1887 136
1888 948
1889 1033
1890 844
1891 209
1892 1795
1893 1450
1894 2048
1895 758
1896 481
1897 583
1898 2487
1899 2249
1900 583
1901 37
1902 1862
1903 2043
1904 2280
1905 558
1906 770
1907 195
1908 2394
1909 1382
1910 2018
1911 1922
1912 1701
1913 2139
1914 729
1915 1184
1916 639
1917 1499
1918 20
1919 1424
1920 1834
1921 1689
1922 2399
1923 962
1924 541
1925 1541
1926 2167
1927 1712
1928 2189
1929 208
1930 756
1931 846
1932 2182
1933 1701
1934 342
1935 735
1936 1963
1937 1966
1938 1037
1939 484
1940 2121
1941 226
1942 1083
1943 127
1944 421
1945 2434
1946 293
1947 1056
1948 215
1949 1708
1950 1839
1951 1038
1952 80
1953 1272
1954 1598
1955 1709
1956 1362
1957 1987
1958 2418
1959 769
1960 1491
1961 1747
1962 526
1963 130
1964 48
1965 87
1966 281
1967 170
1968 1534
1969 1088
1970 1573
1971 1291
1972 1164
1973 766
1974 1440
1975 2397
1976 292
1977 1895
1978 380
1979 1523
1980 1215
1981 1854
1982 1854
1983 1749
1984 2155
1985 367
1986 685
1987 708
1988 2159
1989 1208
1990 2346
1991 1936
1992 2480
1993 215
1994 614
1995 988
1996 731
1997 1214
1998 678
1999 1244
2000 1702
2001 1766
2002 986
2003 1030
2004 1739
2005 1902
2006 59
2007 191
2008 1970
2009 1390
2010 1483
2011 508
2012 1951
2013 1862
2014 1462
2015 396
2016 1968
2017 1990
2018 1137
2019 74
2020 1802
2021 1787
2022 294
2023 1514
2024 1218
2025 945
2026 205
2027 242
2028 276
2029 1064
2030 1033
2031 1198
2032 800
2033 2498
2034 1141
2035 702
2036 1472
2037 992
2038 1618
2039 1182
2040 529
2041 2223
2042 2005
2043 2237
2044 1941
2045 1307
2046 2487
2047 724
2048 766
2049 1817
2050 1248
2051 1515
2052 1040
2053 2339
2054 759
2055 1724
2056 160
2057 602
2058 966
2059 2165
2060 2170
2061 731
2062 729
2063 523
2064 1244
2065 724
2066 1317
2067 1186
2068 873
2069 2281
2070 2425
2071 1952
2072 1444
2073 1199
2074 1944
2075 318
2076 1408
2077 1120
2078 627
2079 1856
2080 155
2081 1532
2082 1850
2083 190
2084 1542
2085 4
2086 2368
2087 2456
2088 706
2089 1308
2090 2301
2091 627
2092 908
2093 2192
2094 1550
2095 498
2096 1616
2097 243
2098 481
2099 1169
2100 1430
2101 958
2102 2456
2103 1295
2104 2208
2105 1325
2106 2201
2107 1446
2108 1413
2109 928
2110 2033
2111 2386
2112 743
2113 307
2114 146
2115 1699
2116 549
2117 1062
2118 1489
2119 1147
2120 1378
2121 409
2122 2219
2123 1854
2124 1182
2125 2212
2126 815
2127 1338
2128 1868
2129 1750
2130 194
2131 689
2132 1837
2133 331
2134 527
2135 1665
2136 2071
2137 630
2138 2015
2139 2228
2140 2110
2141 2012
2142 507
2143 100
2144 1411
2145 1904
2146 1685
2147 2185
2148 1167
2149 2178
2150 1460
2151 782
2152 1618
2153 852
2154 1328
2155 325
2156 200
2157 1862
2158 138
2159 982
2160 1658
2161 1506
2162 635
2163 305
2164 2338
2165 2138
2166 88
2167 1231
2168 2401
2169 1606
2170 2022
2171 1640
2172 1622
2173 895
2174 325
2175 2317
2176 1706
2177 2402
2178 443
2179 1576
2180 774
2181 2269
2182 2446
2183 1013
2184 1219
2185 2195
2186 2461
2187 282
2188 627
2189 1671
2190 2320
2191 2000
2192 1806
2193 620
2194 2259
2195 902
2196 2204
2197 2474
2198 637
2199 1571
2200 177
2201 1287
2202 438
2203 1606
2204 549
2205 1056
2206 2189
2207 1861
2208 2367
2209 1046
2210 2045
2211 2440
2212 57
2213 2498
2214 1916
2215 2420
2216 373
2217 2243
2218 921
2219 378
2220 1655
2221 2400
2222 1359
2223 1619
2224 1376
2225 2469
2226 569
2227 1605
2228 329
2229 849
2230 2270
2231 982
2232 2099
2233 1937
2234 2369
2235 697
2236 2095
2237 262
2238 2301
2239 1156
2240 1463
2241 1730
2242 100
2243 1975
2244 171
2245 1890
2246 757
2247 1376
2248 347
2249 1803
2250 352
2251 1439
2252 690
2253 1438
2254 584
2255 2386
2256 385
2257 738
2258 1525
2259 833
2260 1451
2261 2362
2262 843
2263 916
2264 1828
2265 2377
2266 2246
2267 966
2268 323
2269 1032
2270 2061
2271 1941
2272 1165
2273 93
2274 672
2275 2111
2276 528
2277 1073
2278 2495
2279 556
2280 2288
2281 68
2282 1736
2283 2356
2284 671
2285 2330
2286 1424
2287 946
2288 636
2289 578
2290 65
2291 466
2292 506
2293 514
2294 1269
2295 549
2296 351
2297 2425
2298 1883
2299 397
2300 1535
2301 1723
2302 896
2303 619
2304 145
2305 1251
2306 2366
2307 254
2308 2203
2309 1650
2310 658
2311 56
2312 1645
2313 626
2314 513
2315 1600
2316 514
2317 2424
2318 290
2319 2451
2320 2171
2321 405
2322 1763
2323 646
2324 94
2325 634
2326 1437
2327 1962
2328 1967
2329 471
2330 1660
2331 983
2332 1277
2333 741
2334 2205
2335 1723
2336 1590
2337 643
2338 2044
2339 638
2340 1973
2341 1190
2342 1757
2343 1647
2344 722
2345 594
2346 1832
2347 1865
2348 1176
2349 1144
2350 1089
2351 590
2352 360
2353 1806
2354 107
2355 199
2356 1085
2357 1432
2358 1753
2359 960
2360 905
2361 1673
2362 2335
2363 2435
2364 1965
2365 1379
2366 2436
2367 2011
2368 1852
2369 516
2370 1167
2371 1315
2372 1979
2373 1343
2374 1388
2375 1151
2376 1855
2377 373
2378 1417
2379 333
2380 2348
2381 1390
2382 859
2383 746
2384 1103
2385 83
2386 1898
2387 179
2388 1334
2389 2185
2390 311
2391 1006
2392 1057
2393 1775
2394 2473
2395 1505
2396 1143
2397 2276
2398 785
2399 188
2400 2215
2401 2021
2402 260
2403 1764
2404 5
2405 1586
2406 963
2407 1439
2408 1212
2409 1537
2410 2067
2411 2066
2412 2272
2413 1562
2414 1036
2415 1278
2416 1668
2417 419
2418 779
2419 547
2420 35
2421 539
2422 1183
2423 286
2424 1348
2425 1553
2426 1513
2427 1942
2428 362
2429 1005
2430 2023
2431 2244
2432 1292
2433 441
2434 1501
2435 1123
2436 397
2437 1089
2438 70
2439 1057
2440 719
2441 334
2442 778
2443 1521
2444 683
2445 708
2446 1836
2447 428
2448 2142
2449 2163
2450 1393
2451 2461
2452 193
2453 936
2454 843
2455 1895
2456 1721
2457 1889
2458 945
2459 72
2460 2183
2461 783
2462 2442
2463 2432
2464 541
2465 1045
2466 1936
2467 2052
2468 592
2469 1209
2470 1953
2471 980
2472 613
2473 1827
2474 1488
2475 2191
2476 2374
2477 1801
2478 2272
2479 1354
2480 19
2481 1247
2482 1651
2483 1202
2484 1720
2485 1175
2486 204
2487 2152
2488 2251
2489 1964
2490 1120
2491 999
2492 306
2493 310
2494 1431
2495 2353
2496 418
2497 564
2498 2321
2499 215
2500 784
2501 1107
2502 2114
2503 1981
2504 119
2505 2147
2506 947
2507 1872
2508 1392
2509 632
2510 786
2511 285
2512 405
2513 725
2514 646
2515 2222
2516 160
2517 2090
2518 2291
2519 2039
2520 384
2521 579
2522 1190
2523 433
2524 326
2525 1728
2526 1178
2527 681
2528 2138
2529 1794
2530 1589
2531 1895
2532 1704
2533 1489
2534 48
2535 137
2536 1245
2537 1376
2538 219
2539 1056
2540 851
2541 341
2542 1515
2543 300
2544 1849
2545 1941
2546 2170
2547 316
2548 1036
2549 352
2550 533
2551 1760
2552 1302
2553 603
2554 2158
2555 2148
2556 1113
2557 1709
2558 1991
2559 1008
2560 76
2561 1320
2562 1935
2563 2223
2564 536
2565 1477
2566 1598
2567 455
2568 719
2569 2060
2570 1796
2571 1942
2572 875
2573 1559
2574 1179
2575 742
2576 306
2577 1311
2578 1376
2579 1916
2580 2325
2581 1906
2582 181
2583 932
2584 1411
2585 1541
2586 569
2587 1057
2588 1813
2589 665
2590 753
2591 307
2592 2283
2593 371
2594 2035
2595 1540
2596 2450
2597 1098
2598 1934
2599 1115
2600 28
2601 838
2602 2353
2603 581
2604 2167
2605 689
2606 1588
2607 2243
2608 1214
2609 245
2610 2050
2611 520
2612 54
2613 1018
2614 352
2615 1898
2616 2454
2617 229
2618 319
2619 1915
2620 1981
2621 85
2622 2488
2623 533
2624 1637
2625 1296
2626 887
2627 2384
2628 260
2629 1905
2630 1662
2631 855
2632 1105
2633 702
2634 1112
2635 2141
2636 197
2637 1297
2638 286
2639 2384
2640 2203
2641 684
2642 2017
2643 232
2644 2025
2645 2461
2646 1699
2647 1162
2648 1250
2649 2162
2650 84
2651 1151
2652 2334
2653 499
2654 72
2655 840
2656 105
2657 2168
2658 2274
2659 2096
2660 2217
2661 717
2662 1053
2663 1965
2664 123
2665 1380
2666 1345
2667 1799
2668 22
2669 1144
2670 1806
2671 1976
2672 1429
2673 1261
2674 1666
2675 2441
2676 2162
2677 1819
2678 2200
2679 1458
2680 60
2681 928
2682 1382
2683 1819
2684 1128
2685 58
2686 2047
2687 422
2688 1146
2689 2006
2690 2356
2691 1059
2692 412
2693 1490
2694 2399
2695 1416
2696 1925
2697 345
2698 2488
2699 1257
2700 1727
2701 2329
2702 2064
2703 1967
2704 1530
2705 1598
2706 605
2707 611
2708 484
2709 1417
2710 1082
2711 1931
2712 71
2713 791
2714 2259
2715 1678
2716 1168
2717 1252
2718 1077
2719 1988
2720 222
2721 1634
2722 384
2723 1554
2724 2317
2725 306
2726 496
2727 107
2728 75
2729 1946
2730 398
2731 881
2732 1491
2733 2066
2734 868
2735 973
2736 1709
2737 2212
2738 2440
2739 712
2740 1203
2741 1873
2742 859
2743 1455
2744 516
2745 2379
2746 1595
2747 1893
2748 2432
2749 744
2750 523
2751 853
2752 955
2753 151
2754 42
2755 2247
2756 441
2757 992
2758 1247
2759 245
2760 32
2761 2169
2762 713
2763 2468
2764 780
2765 1581
2766 53
2767 935
2768 444
2769 62
2770 173
2771 2260
2772 1450
2773 1784
2774 6
2775 68
2776 908
2777 1505
2778 1540
2779 1367
2780 328
2781 2331
2782 1638
2783 2154
2784 1884
2785 2039
2786 1410
2787 799
2788 119
2789 1364
2790 895
2791 842
2792 453
2793 1520
2794 358
2795 141
2796 1166
2797 639
2798 2248
2799 903
2800 1313
2801 2208
2802 2236
2803 2494
2804 617
2805 527
2806 1248
2807 1036
2808 1405
2809 1118
2810 573
2811 1694
2812 2074
2813 529
2814 1396
2815 1202
2816 1369
2817 2387
2818 1056
2819 2100
2820 425
2821 93
2822 877
2823 1340
2824 120
2825 1032
2826 2161
2827 1858
2828 2262
2829 187
2830 261
2831 1438
2832 1962
2833 105
2834 1638
2835 1171
2836 339
2837 1690
2838 480
2839 1043
2840 1299
2841 1369
2842 2183
2843 235
2844 1199
2845 2289
2846 941
2847 1944
2848 609
2849 242
2850 253
2851 2131
2852 699
2853 1698
2854 807
2855 867
2856 489
2857 1397
2858 103
2859 1560
2860 296
2861 635
2862 2088
2863 2149
2864 1178
2865 2015
2866 748
2867 988
2868 82
2869 2127
2870 1313
2871 1002
2872 630
2873 309
2874 1683
2875 1325
2876 177
2877 1828
2878 2160
2879 1063
2880 2286
2881 89
2882 1314
2883 2443
2884 217
2885 2164
2886 2082
2887 604
2888 1369
2889 229
2890 185
2891 1932
2892 2301
2893 751
2894 1557
2895 2344
2896 1604
2897 1045
2898 1693
2899 1133
2900 875
2901 1641
2902 237
2903 2490
2904 2424
2905 208
2906 1140
2907 599
2908 1177
2909 1095
2910 2383
2911 191
2912 2332
2913 1452
2914 2065
2915 275
2916 972
2917 186
2918 2111
2919 1792
2920 2220
2921 2443
2922 1931
2923 297
2924 929
2925 2185
2926 2084
2927 2319
2928 566
2929 1315
2930 2390
2931 1451
2932 2152
2933 785
2934 2418
2935 2317
2936 560
2937 2002
2938 2438
2939 2446
2940 2447
2941 854
2942 2210
2943 1260
2944 2333
2945 1620
2946 927
2947 1783
2948 1083
2949 1533
2950 1674
2951 1858
2952 1584
2953 1265
2954 504
2955 132
2956 2397
2957 2118
2958 1062
2959 256
2960 1533
2961 2248
2962 697
2963 2249
2964 1729
2965 1794
2966 619
2967 212
2968 753
2969 366
2970 957
2971 590
2972 313
2973 2398
2974 1458
2975 2466
2976 39
2977 1499
2978 136
2979 901
2980 1337
2981 1545
2982 398
2983 1158
2984 2129
2985 2365
2986 1955
2987 707
2988 50
2989 1539
2990 2377
2991 2264
2992 1200
2993 979
2994 1689
2995 2213
2996 1401
2997 140
2998 2236
2999 2133
3000 2172
3001 1906
3002 2387
3003 1790
3004 1814
3005 2383
3006 737
3007 2365
3008 514
3009 2091
3010 2086
3011 1329
3012 2342
3013 748
3014 368
3015 362
3016 1334
3017 1115
3018 1596
3019 2354
3020 1057
3021 1638
3022 2040
3023 528
3024 2194
3025 400
3026 566
3027 1955
3028 663
3029 1714
3030 1973
3031 1707
3032 2178
3033 1481
3034 160
3035 173
3036 452
3037 792
3038 1150
3039 2093
3040 407
3041 1595
3042 1288
3043 1638
3044 2319
3045 1097
3046 356
3047 948
3048 284
3049 473
3050 492
3051 2356
3052 1224
3053 835
3054 1950
3055 2095
3056 1408
3057 324
3058 1175
3059 690
3060 1063
3061 628
3062 135
3063 2294
3064 1687
3065 1649
3066 1006
3067 2182
3068 73
3069 2019
3070 2117
3071 710
3072 344
3073 633
3074 1963
3075 1007
3076 508
3077 344
3078 677
3079 1329
3080 598
3081 1991
3082 88
3083 1462
3084 439
3085 2427
3086 1785
3087 780
3088 1457
3089 1771
3090 167
3091 1028
3092 1168
3093 147
3094 1542
3095 2175
3096 1159
3097 239
3098 1144
3099 2160
3100 1872
3101 1582
3102 2325
3103 1169
3104 450
3105 603
3106 1259
3107 586
3108 1207
3109 2032
3110 1169
3111 1104
3112 1980
3113 2449
3114 2452
3115 1034
3116 1236
3117 363
3118 1511
3119 2197
3120 261
3121 1887
3122 1771
3123 1902
3124 2170
3125 1745
3126 77
3127 362
3128 2212
3129 1046
3130 586
3131 1050
3132 2021
3133 960
3134 1303
3135 1908
3136 1493
3137 157
3138 590
3139 475
3140 929
3141 1109
3142 2301
3143 936
3144 398
3145 1110
3146 1148
3147 805
3148 490
3149 640
3150 2018
3151 1915
3152 1254
3153 1979
3154 700
3155 2110
3156 1603
3157 2281
3158 1351
3159 540
3160 2362
3161 150
3162 570
3163 725
3164 2427
3165 552
3166 1619
3167 1575
3168 1655
3169 2301
3170 102
3171 2339
3172 1193
3173 175
3174 1902
3175 546
3176 1880
3177 109
3178 230
3179 2276
3180 1731
3181 832
3182 1386
3183 1743
3184 1715
3185 1184
3186 681
3187 1990
3188 195
3189 1812
3190 1000
3191 626
3192 383
3193 365
3194 1626
3195 1443
3196 2104
3197 764
3198 1711
3199 1864
3200 1427
3201 2124
3202 1261
3203 140
3204 1929
3205 1347
3206 17
3207 2346
3208 1945
3209 457
3210 1371
3211 230
3212 588
3213 232
3214 1771
3215 1633
3216 1726
3217 755
3218 1100
3219 717
3220 1840
3221 2015
3222 1102
3223 462
3224 2302
3225 1307
3226 2251
3227 2423
3228 1687
3229 1224
3230 1830
3231 994
3232 1626
3233 148
3234 70
3235 1496
3236 518
3237 1253
3238 1891
3239 683
3240 653
3241 1173
3242 1598
3243 2373
3244 854
3245 634
3246 1914
3247 2214
3248 1253
3249 1480
3250 1786
3251 1726
3252 1694
3253 246
3254 2217
3255 122
3256 504
3257 91
3258 724
3259 549
3260 1053
3261 614
3262 617
3263 294
3264 2045
3265 1308
3266 912
3267 2169
3268 1449
3269 1647
3270 1570
3271 1719
3272 780
3273 1550
3274 1675
3275 2101
3276 1181
3277 225
3278 282
3279 448
3280 357
3281 1714
3282 916
3283 1259
3284 2401
3285 1720
3286 1061
3287 1355
3288 981
3289 154
3290 41
3291 2200
3292 80
3293 2133
3294 2306
3295 1427
3296 721
3297 2050
3298 1010
3299 1174
3300 1608
3301 657
3302 1137
3303 1430
3304 1619
3305 1527
3306 92
3307 1890
3308 2393
3309 612
3310 1329
3311 911
3312 22
3313 1051
3314 1033
3315 36
3316 941
3317 2317
3318 1298
3319 2144
3320 1186
3321 695
3322 968
3323 705
3324 24
3325 2084
3326 2044
3327 1736
3328 1326
3329 561
3330 520
3331 1512
3332 1186
3333 2147
3334 565
3335 1731
3336 909
3337 209
3338 189
3339 2312
3340 432
3341 1971
3342 2384
3343 201
3344 1117
3345 2112
3346 710
3347 553
3348 1102
3349 2011
3350 2454
3351 1899
3352 1030
3353 1753
3354 730
3355 1916
3356 528
3357 1585
3358 1842
3359 207
3360 1194
3361 123
3362 749
3363 1531
3364 216
3365 712
3366 697
3367 2227
3368 2384
3369 2491
3370 405
3371 1679
3372 2419
3373 1322
3374 1160
3375 1970
3376 1476
3377 455
3378 1822
3379 8
3380 1577
3381 1423
3382 1967
3383 2264
3384 1991
3385 2396
3386 2321
3387 417
3388 2243
3389 1405
3390 2152
3391 1571
3392 2463
3393 583
3394 489
3395 1911
3396 734
3397 2298
3398 1856
3399 87
3400 1450
3401 1320
3402 145
3403 1305
3404 853
3405 1424
3406 1396
3407 80
3408 1106
3409 120
3410 2447
3411 1341
3412 2189
3413 1506
3414 351
3415 1060
3416 1852
3417 2046
3418 1934
3419 1352
3420 93
3421 2426
3422 1563
3423 1016
3424 1340
3425 463
3426 489
3427 774
3428 2064
3429 440
3430 571
3431 549
3432 1486
3433 580
3434 1280
3435 1399
3436 923
3437 302
3438 1615
3439 2383
3440 518
3441 2291
3442 400
3443 2413
3444 741
3445 1347
3446 1991
3447 1845
3448 70
3449 2426
3450 2022
3451 376
3452 2143
3453 1728
3454 2131
3455 2036
3456 506
3457 2182
3458 1041
3459 1920
3460 1727
3461 634
3462 1936
3463 538
3464 771
3465 1098
3466 267
3467 82
3468 952
3469 1397
3470 2013
3471 131
3472 2188
3473 2085
3474 2380
3475 802
3476 484
3477 1597
3478 1561
3479 1602
3480 1258
3481 125
3482 2482
3483 1735
3484 1614
3485 1806
3486 321
3487 2398
3488 2128
3489 409
3490 198
3491 1182
3492 1981
3493 326
3494 93
3495 426
3496 34
3497 2278
3498 896
3499 528
3500 963
3501 1837
3502 1973
3503 505
3504 137
3505 969
3506 1251
3507 1721
3508 720
3509 1028
3510 1069
3511 1557
3512 1804
3513 2300
3514 2466
3515 1969
3516 2005
3517 396
3518 1089
3519 739
3520 1506
3521 1043
3522 110
3523 918
3524 1977
3525 2032
3526 1832
3527 1397
3528 630
3529 1858
3530 161
3531 1226
3532 1870
3533 1337
3534 699
3535 2276
3536 138
3537 2296
3538 1445
3539 1571
3540 521
3541 1212
3542 22
3543 1107
3544 2109
3545 493
3546 310
3547 1744
3548 351
3549 946
3550 80
3551 1281
3552 1345
3553 810
3554 1496
3555 115
3556 547
3557 2083
3558 826
3559 957
3560 844
3561 1296
3562 2260
3563 1879
3564 298
3565 1722
3566 978
3567 2080
3568 551
3569 2474
3570 2487
3571 2111
3572 582
3573 1826
3574 1224
3575 2394
3576 1947
3577 78
3578 1600
3579 800
3580 1100
3581 1200
3582 1447
3583 1677
3584 1650
3585 2493
3586 1228
3587 127
3588 2114
3589 2485
3590 2488
3591 1553
3592 316
3593 1775
3594 709
3595 2411
3596 1521
3597 2081
3598 1072
3599 1331
3600 1278
3601 251
3602 652
3603 255
3604 689
3605 1583
3606 2190
3607 484
3608 1459
3609 333
3610 351
3611 1034
3612 621
3613 2406
3614 1311
3615 1483
3616 241
3617 787
3618 550
3619 1033
3620 728
3621 920
3622 1949
3623 2326
3624 89
3625 840
3626 1099
3627 117
3628 533
3629 2032
3630 2224
3631 1248
3632 848
3633 1633
3634 1238
3635 994
3636 321
3637 2286
3638 2193
3639 1688
3640 263
3641 134
3642 816
3643 202
3644 2330
3645 1655
3646 1825
3647 1248
3648 1405
3649 1268
3650 1417
3651 1123
3652 2229
3653 1358
3654 164
3655 1487
3656 791
3657 2153
3658 1957
3659 2421
3660 1237
3661 630
3662 1802
3663 1016
3664 1621
3665 422
3666 1473
3667 945
3668 2371
3669 1010
3670 2430
3671 2492
3672 2194
3673 1774
3674 2424
3675 1248
3676 2444
3677 2344
3678 881
3679 2237
3680 162
3681 4
3682 962
3683 2010
3684 2026
3685 305
3686 647
3687 1817
3688 1431
3689 879
3690 1250
3691 274
3692 1260
3693 884
3694 2052
3695 1564
3696 624
3697 1880
3698 1541
3699 22
3700 2497
3701 405
3702 1819
3703 1626
3704 668
3705 416
3706 336
3707 2255
3708 1364
3709 258
3710 2432
3711 1770
3712 2160
3713 1275
3714 1584
3715 1859
3716 1014
3717 1163
3718 1821
3719 1790
3720 1328
3721 2191
3722 1005
3723 2165
3724 2402
3725 2410
3726 1996
3727 2475
3728 1008
3729 2020
3730 1235
3731 1235
3732 1589
3733 2128
3734 911
3735 249
3736 2172
3737 1654
3738 1628
3739 2029
3740 677
3741 286
3742 2443
3743 1700
3744 1695
3745 929
3746 1663
3747 1753
3748 2107
3749 1731
3750 4
3751 2329
3752 164
3753 407
3754 52
3755 1265
3756 1694
3757 2203
3758 2435
3759 2014
3760 1629
3761 20
3762 2235
3763 1108
3764 1375
3765 896
3766 1440
3767 264
3768 373
3769 2217
3770 2104
3771 1299
3772 786
3773 1256
3774 463
3775 2496
3776 360
3777 359
3778 1903
3779 174
3780 2401
3781 2318
3782 512
3783 1675
3784 1155
3785 1246
3786 2400
3787 693
3788 599
3789 1037
3790 1591
3791 289
3792 2254
3793 1262
3794 1011
3795 735
3796 639
3797 1670
3798 1489
3799 753
3800 865
3801 1285
3802 1227
3803 2044
3804 1663
3805 1394
3806 1828
3807 473
3808 1310
3809 1103
3810 2298
3811 614
3812 955
3813 1985
3814 1893
3815 894
3816 2358
3817 2211
3818 1232
3819 1903
3820 2320
3821 489
3822 1370
3823 530
3824 1899
3825 996
3826 2348
3827 2441
3828 2069
3829 2456
3830 1281
3831 44
3832 1522
3833 2438
3834 180
3835 2452
3836 1731
3837 1913
3838 483
3839 628
3840 1657
3841 73
3842 2216
3843 2311
3844 2206
3845 416
3846 777
3847 2497
3848 1092
3849 1100
3850 1026
3851 1208
3852 2247
3853 587
3854 1746
3855 995
3856 282
3857 1133
3858 1005
3859 2089
3860 2233
3861 237
3862 2103
3863 895
3864 998
3865 1224
3866 549
3867 2493
3868 2364
3869 1225
3870 2434
3871 114
3872 495
3873 404
3874 1123
3875 1606
3876 3
3877 407
3878 2365
3879 2192
3880 1495
3881 136
3882 302
3883 1914
3884 1526
3885 585
3886 774
3887 5
3888 2406
3889 156
3890 1487
3891 1998
3892 2177
3893 29
3894 843
3895 1310
3896 332
3897 856
3898 1129
3899 125
3900 524
3901 2275
3902 2322
3903 2333
3904 40
3905 436
3906 2415
3907 1433
3908 2266
3909 989
3910 1528
3911 1262
3912 195
3913 727
3914 2493
3915 2090
3916 1244
3917 358
3918 228
3919 1598
3920 1269
3921 1160
3922 951
3923 1990
3924 1144
3925 2059
3926 164
3927 974
3928 191
3929 1033
3930 366
3931 625
3932 2006
3933 503
3934 619
3935 1654
3936 2403
3937 812
3938 390
3939 1421
3940 1276
3941 1164
3942 2042
3943 2063
3944 113
3945 1349
3946 2443
3947 455
3948 2252
3949 2434
3950 1864
3951 1811
3952 1192
3953 516
3954 232
3955 1064
3956 927
3957 2074
3958 1794
3959 820
3960 1235
3961 2385
3962 1909
3963 1537
3964 326
3965 2433
3966 1461
3967 1260
3968 1983
3969 2206
3970 335
3971 1139
3972 2081
3973 1777
3974 1443
3975 1650
3976 2393
3977 1056
3978 1028
3979 400
3980 604
3981 2136
3982 1807
3983 588
3984 1783
3985 2165
3986 498
3987 2194
3988 839
3989 2265
3990 447
3991 714
3992 101
3993 1547
3994 796
3995 757
3996 1218
3997 2381
3998 1089
3999 1614
4000 989
4001 1176
4002 1742
4003 1444
4004 1534
4005 507
4006 1506
4007 1028
4008 1446
4009 1109
4010 402
4011 2126
4012 1124
4013 857
4014 560
4015 1811
4016 13
4017 28
4018 525
4019 248
4020 815
4021 329
4022 862
4023 268
4024 1020
4025 1848
4026 264
4027 231
4028 269
4029 2294
4030 1929
4031 2056
4032 582
4033 1640
4034 2148
4035 1478
4036 455
4037 2487
4038 1855
4039 26
4040 633
4041 2239
4042 2369
4043 408
4044 1600
4045 2461
4046 1145
4047 1457
4048 428
4049 1044
4050 2102
4051 538
4052 129
4053 1645
4054 479
4055 279
4056 557
4057 2139
4058 1684
4059 287
4060 1172
4061 2208
4062 2290
4063 519
4064 150
4065 1979
4066 1601
4067 1268
4068 1412
4069 1543
4070 1690
4071 301
4072 1062
4073 27
4074 2379
4075 489
4076 99
4077 306
4078 364
4079 1379
4080 978
4081 1342
4082 1059
4083 493
4084 1747
4085 2078
4086 223
4087 2293
4088 472
4089 1235
4090 116
4091 2089
4092 2103
4093 1339
4094 1688
4095 1378
4096 2197
4097 262
4098 251
4099 2467
4100 2136
4101 2065
4102 2146
4103 1459
4104 1016
4105 915
4106 1650
4107 2098
4108 407
4109 2393
4110 687
4111 1213
4112 1979
4113 523
4114 1418
4115 1954
4116 2299
4117 1416
4118 931
4119 1290
4120 1208
4121 488
4122 498
4123 712
4124 227
4125 2292
4126 1798
4127 1414
4128 369
4129 103
4130 1561
4131 2211
4132 2056
4133 1498
4134 1770
4135 307
4136 1006
4137 1336
4138 2417
4139 1584
4140 601
4141 2139
4142 261
4143 910
4144 690
4145 1578
4146 171
4147 1599
4148 178
4149 2415
4150 391
4151 1500
4152 1010
4153 1978
4154 1952
4155 1350
4156 1828
4157 898
4158 526
4159 1413
4160 594
4161 2130
4162 1154
4163 104
4164 1958
4165 959
4166 131
4167 731
4168 1943
4169 2476
4170 1297
4171 2190
4172 2237
4173 2278
4174 1051
4175 1394
4176 1526
4177 1426
4178 187
4179 1986
4180 1759
4181 490
4182 1010
4183 338
4184 659
4185 2340
4186 219
4187 1141
4188 564
4189 1672
4190 1711
4191 881
4192 353
4193 1096
4194 1274
4195 829
4196 1772
4197 1483
4198 2051
4199 1694
4200 1442
4201 655
4202 794
4203 2439
4204 168
4205 1883
4206 100
4207 841
4208 1887
4209 2083
4210 1233
4211 731
4212 753
4213 1511
4214 611
4215 472
4216 1335
4217 2206
4218 717
4219 1623
4220 1344
4221 1406
4222 448
4223 892
4224 1080
4225 1099
4226 876
4227 2384
4228 1480
4229 886
4230 2457
4231 862
4232 749
4233 834
4234 1414
4235 154
4236 485
4237 1514
4238 1419
4239 1589
4240 1117
4241 2445
4242 1631
4243 302
4244 676
4245 238
4246 1348
4247 3
4248 610
4249 1277
4250 2229
4251 1811
4252 2334
4253 876
4254 1538
4255 53
4256 1174
4257 1438
4258 1346
4259 2438
4260 158
4261 1260
4262 1865
4263 1354
4264 2290
4265 752
4266 1916
4267 2094
4268 1586
4269 1495
4270 993
4271 165
4272 83
4273 706
4274 538
4275 942
4276 450
4277 1877
4278 1750
4279 786
4280 1561
4281 1519
4282 1205
4283 1902
4284 85
4285 2178
4286 1064
4287 1103
4288 2151
4289 588
4290 333
4291 318
4292 628
4293 2093
4294 2486
4295 1618
4296 349
4297 684
4298 178
4299 1725
4300 865
4301 812
4302 2427
4303 448
4304 1391
4305 2399
4306 842
4307 1716
4308 622
4309 1757
4310 1891
4311 2365
4312 4
4313 984
4314 1705
4315 103
4316 290
4317 1691
4318 1090
4319 629
4320 410
4321 804
4322 1225
4323 2121
4324 2250
4325 1507
4326 2455
4327 933
4328 2368
4329 1317
4330 2201
4331 108
4332 2033
4333 1636
4334 700
4335 2444
4336 208
4337 1557
4338 197
4339 2184
4340 217
4341 636
4342 1684
4343 1533
4344 2364
4345 752
4346 949
4347 85
4348 1661
4349 1165
4350 2484
4351 1911
4352 2129
4353 845
4354 728
4355 1445
4356 1832
4357 630
4358 690
4359 531
4360 876
4361 2271
4362 1726
4363 2419
4364 556
4365 1970
4366 1558
4367 1700
4368 727
4369 4
4370 171
4371 2198
4372 1707
4373 633
4374 2295
4375 24
4376 1660
4377 9
4378 507
4379 1561
4380 435
4381 1929
4382 871
4383 893
4384 1285
4385 1831
4386 2091
4387 750
4388 163
4389 1084
4390 2370
4391 351
4392 1036
4393 1220
4394 479
4395 83
4396 2222
4397 1428
4398 1522
4399 1828
4400 746
4401 2272
4402 1026
4403 2324
4404 1614
4405 1780
4406 692
4407 325
4408 1619
4409 1736
4410 609
4411 1488
4412 502
4413 2228
4414 705
4415 272
4416 800
4417 1214
4418 1440
4419 847
4420 1674
4421 608
4422 42
4423 1412
4424 1325
4425 1158
4426 1546
4427 1048
4428 2336
4429 130
4430 1029
4431 169
4432 1879
4433 1138
4434 2120
4435 2391
4436 1727
4437 1707
4438 2310
4439 2114
4440 1417
4441 1534
4442 72
4443 901
4444 1660
4445 189
4446 2470
4447 1725
4448 1811
4449 2385
4450 2249
4451 1000
4452 2226
4453 1798
4454 352
4455 1315
4456 2332
4457 778
4458 872
4459 672
4460 535
4461 727
4462 692
4463 1570
4464 383
4465 1286
4466 435
4467 661
4468 956
4469 943
4470 1846
4471 1821
4472 1039
4473 2069
4474 1868
4475 2359
4476 994
4477 2399
4478 503
4479 1247
4480 1062
4481 2398
4482 422
4483 2168
4484 20
4485 1473
4486 1402
4487 367
4488 1187
4489 486
4490 1873
4491 738
4492 1229
4493 1050
4494 685
4495 290
4496 1120
4497 1104
4498 2232
4499 1128
4500 300
4501 1345
4502 2175
4503 319
4504 2274
4505 640
4506 1800
4507 532
4508 2382
4509 626
4510 1448
4511 122
4512 1427
4513 325
4514 17
4515 861
4516 2131
4517 670
4518 729
4519 835
4520 1612
4521 1526
4522 693
4523 1600
4524 2170
4525 2384
4526 762
4527 38
4528 2139
4529 91
4530 325
4531 1441
4532 950
4533 160
4534 1399
4535 1234
4536 320
4537 2378
4538 318
4539 896
4540 1622
4541 1648
4542 824
4543 1519
4544 556
4545 1228
4546 2081
4547 1128
4548 1668
4549 262
4550 1413
4551 1815
4552 2096
4553 746
4554 2070
4555 2442
4556 1142
4557 867
4558 887
4559 2123
4560 2381
4561 1901
4562 1985
4563 1448
4564 508
4565 2199
4566 509
4567 2386
4568 1031
4569 1568
4570 2448
4571 1569
4572 2188
4573 217
4574 232
4575 208
4576 141
4577 768
4578 1618
4579 2162
4580 564
4581 2199
4582 1307
4583 2241
4584 2197
4585 976
4586 834
4587 2177
4588 779
4589 2012
4590 1
4591 1737
4592 15
4593 505
4594 2471
4595 2373
4596 2337
4597 141
4598 1682
4599 351
4600 1276
4601 1089
4602 853
4603 760
4604 1610
4605 148
4606 173
4607 408
4608 816
4609 426
4610 178
4611 1538
4612 483
4613 1377
4614 390
4615 2002
4616 1967
4617 2040
4618 1528
4619 956
4620 1506
4621 860
4622 405
4623 2368
4624 1391
4625 1982
4626 1677
4627 1609
4628 536
4629 472
4630 2198
4631 646
4632 2430
4633 2491
4634 2018
4635 2351
4636 976
4637 1024
4638 1004
4639 1754
4640 171
4641 858
4642 1571
4643 1576
4644 1855
4645 629
4646 1256
4647 1198
4648 2007
4649 2386
4650 1155
4651 2314
4652 108
4653 251
4654 277
4655 820
4656 629
4657 1936
4658 1417
4659 644
4660 535
4661 29
4662 1485
4663 1047
4664 1986
4665 1687
4666 558
4667 2095
4668 64
4669 541
4670 2006
4671 889
4672 1402
4673 871
4674 712
4675 1317
4676 1041
4677 1346
4678 209
4679 15
4680 1638
4681 1348
4682 50
4683 935
4684 1418
4685 2223
4686 1805
4687 383
4688 2319
4689 1028
4690 820
4691 1106
4692 318
4693 688
4694 1287
4695 524
4696 795
4697 275
4698 1652
4699 1953
4700 593
4701 2460
4702 1092
4703 1190
4704 81
4705 2027
4706 581
4707 1644
4708 612
4709 2214
4710 1504
4711 1722
4712 205
4713 2025
4714 877
4715 1041
4716 638
4717 37
4718 2453
4719 2105
4720 2360
4721 1151
4722 2366
4723 1436
4724 2274
4725 2167
4726 1457
4727 1304
4728 929
4729 2485
4730 1602
4731 39
4732 107
4733 204
4734 122
4735 604
4736 1547
4737 1367
4738 2317
4739 1006
4740 268
4741 1089
4742 2198
4743 1300
4744 1506
4745 2294
4746 747
4747 411
4748 1279
4749 823
4750 1844
4751 1701
4752 1914
4753 2208
4754 1031
4755 1685
4756 669
4757 455
4758 1375
4759 1559
4760 1671
4761 248
4762 1518
4763 1205
4764 1476
4765 1058
4766 861
4767 125
4768 1430
4769 2264
4770 930
4771 1787
4772 865
4773 2484
4774 129
4775 2192
4776 1338
4777 1440
4778 1469
4779 19
4780 1227
4781 1360
4782 1777
4783 2088
4784 1989
4785 2037
4786 1570
4787 1438
4788 2243
4789 1869
4790 1991
4791 1220
4792 1128
4793 1391
4794 1626
4795 741
4796 526
4797 1014
4798 1550
4799 380
4800 1793
4801 904
4802 1645
4803 2285
4804 1582
4805 687
4806 29
4807 1176
4808 676
4809 2413
4810 422
4811 1803
4812 1938
4813 1969
4814 1859
4815 1539
4816 1146
4817 1944
4818 1420
4819 859
4820 2434
4821 231
4822 998
4823 915
4824 969
4825 961
4826 1203
4827 1205
4828 1795
4829 230
4830 1604
4831 1358
4832 404
4833 880
4834 1865
4835 1823
4836 205
4837 1009
4838 246
4839 1371
4840 1974
4841 2217
4842 2045
4843 2056
4844 750
4845 1039
4846 772
4847 2465
4848 1334
4849 371
4850 1722
4851 2366
4852 2226
4853 2178
4854 1117
4855 1531
4856 1790
4857 669
4858 1635
4859 2378
4860 2410
4861 1614
4862 1941
4863 244
4864 632
4865 928
4866 1263
4867 1487
4868 1534
4869 1643
4870 108
4871 854
4872 1092
4873 413
4874 2467
4875 439
4876 1330
4877 178
4878 656
4879 822
4880 1846
4881 2183
4882 1483
4883 426
4884 623
4885 587
4886 1525
4887 1902
4888 1602
4889 1459
4890 103
4891 1839
4892 1592
4893 40
4894 930
4895 2397
4896 1963
4897 772
4898 2494
4899 481
4900 1424
4901 1167
4902 399
4903 1919
4904 2347
4905 754
4906 2248
4907 2126
4908 2237
4909 2482
4910 2125
4911 1142
4912 1400
4913 1083
4914 2345
4915 1977
4916 246
4917 1137
4918 2392
4919 2123
4920 2446
4921 1708
4922 1389
4923 1172
4924 787
4925 2180
4926 962
4927 438
4928 1150
4929 106
4930 40
4931 616
4932 1444
4933 1651
4934 1966
4935 947
4936 1687
4937 944
4938 2251
4939 568
4940 1118
4941 1439
4942 2402
4943 2191
4944 847
4945 154
4946 1493
4947 2480
4948 1055
4949 1979
4950 49
4951 2488
4952 129
4953 1043
4954 314
4955 291
4956 1921
4957 1967
4958 657
4959 1473
4960 1478
4961 691
4962 2172
4963 1418
4964 1659
4965 2408
4966 2452
4967 1409
4968 495
4969 520
4970 143
4971 882
4972 2019
4973 451
4974 1581
4975 750
4976 1508
4977 521
4978 182
4979 84
4980 2202
4981 1553
4982 288
4983 551
4984 2091
4985 2288
4986 2292
4987 2398
4988 1273
4989 1682
4990 182
4991 2436
4992 164
4993 1588
4994 1041
4995 862
4996 1548
4997 1858
4998 1148
4999 2491
5000 14
