1 1165
2 2911
3 2173
4 4302
5 1922
6 2618
7 3957
8 1489
9 2595
10 951
11 1560
12 3532
13 1783
14 242
15 1007
16 4731
17 2119
18 381
19 2352
20 922
21 2365
22 583
23 1664
24 3610
25 2703
26 3808
27 3579
28 2176
29 3577
30 1553
31 4576
32 1860
33 1704
34 3179
35 770
36 2660
37 2091
38 3556
39 2155
40 2458
41 2227
42 812
43 2911
44 1640
45 3895
46 2171
47 4612
48 1277
49 4448
50 395
51 886
52 2400
53 2730
54 1158
55 3403
56 269
57 281
58 2725
59 4814
60 4607
61 888
62 3702
63 4648
64 4646
65 1011
66 2246
67 4009
68 1497
69 155
70 1052
71 4346
72 4792
73 3775
74 1643
75 4466
76 752
77 1867
78 3965
79 3450
80 4873
81 4030
82 3058
83 102
84 4148
85 1373
86 3628
87 2116
88 1368
89 2368
90 678
91 160
92 2333
93 3368
94 4937
95 3700
96 987
97 321
98 765
99 1493
100 2328
101 887
102 1334
103 309
104 3716
105 1033
106 1388
107 657
108 1596
109 1936
110 1577
111 2976
112 2945
113 1922
114 404
115 2000
116 3788
117 4029
118 122
119 787
120 905
121 2713
122 1469
123 4206
124 2495
125 3133
126 4028
127 4505
128 3894
129 3481
130 4116
131 3963
132 626
133 4768
134 528
135 1521
136 3009
137 3567
138 187
139 1716
140 4235
141 1272
142 702
143 208
144 2358
145 3504
146 148
147 686
148 920
149 488
150 883
151 2961
152 2970
153 3331
154 4078
155 1595
156 4121
157 2366
158 4737
159 3533
160 1883
161 1932
162 3366
163 1795
164 927
165 1244
166 147
167 446
168 2134
169 3259
170 396
171 3742
172 2234
173 2808
174 1338
175 4566
176 609
177 1587
178 4764
179 3997
180 352
181 985
182 2881
183 150
184 1996
185 4173
186 809
187 208
188 416
189 1271
190 3499
191 4930
192 3295
193 945
194 2483
195 4756
196 3181
197 3252
198 3836
199 1059
200 4622
201 2106
202 2864
203 9
204 3074
205 1322
206 3592
207 4972
208 3275
209 774
210 1829
211 1377
212 1577
213 3847
214 4683
215 491
216 4273
217 4045
218 1688
219 606
220 2303
221 2278
222 3352
223 732
224 1866
225 2107
226 1798
227 3001
228 353
229 2980
230 364
231 638
232 2711
233 1270
234 4458
235 3535
236 4818
237 762
238 4728
239 3195
240 2708
241 3070
242 606
243 3007
244 4499
245 4379
246 2574
247 3656
248 705
249 2789
250 114
251 1714
252 3213
253 498
254 4119
255 2335
256 3552
257 2055
258 2716
259 4327
260 2280
261 3886
262 2871
263 2785
264 3223
265 1375
266 1835
267 891
268 4025
269 2825
270 2484
271 3439
272 2984
273 4742
274 4880
275 173
276 1408
277 10
278 2919
279 2005
280 818
281 4697
282 4759
283 2766
284 125
285 426
286 3837
287 3216
288 4596
289 2465
290 3675
291 2669
292 768
293 3966
294 4356
295 1721
296 4702
297 4052
298 1468
299 2266
300 4915
301 1790
302 4617
303 3196
304 1094
305 4431
306 2050
307 1900
308 216
309 1680
310 788
311 2996
312 3018
313 3190
314 2716
315 1486
316 853
317 3893
318 1438
319 2905
320 851
321 1282
322 2367
323 2860
324 948
325 268
326 4423
327 2806
328 796
329 4742
330 920
331 2783
332 4784
333 595
334 4716
335 336
336 4397
337 2510
338 3460
339 2824
340 3926
341 1487
342 4819
343 2840
344 1105
345 1739
346 3899
347 3534
348 2593
349 4273
350 680
351 2198
352 3355
353 210
354 4188
355 1621
356 3879
357 4660
358 2274
359 4329
360 4893
361 1738
362 1368
363 57
364 672
365 3164
366 4255
367 1453
368 4312
369 1696
370 991
371 2318
372 1363
373 1573
374 3338
375 1412
376 2024
377 1037
378 1691
379 3187
380 1705
381 1938
382 329
383 4635
384 143
385 3445
386 1958
387 4820
388 397
389 846
390 953
391 539
392 1001
393 1489
394 1379
395 3014
396 2271
397 2989
398 897
399 1459
400 1263
401 3909
402 4893
403 4870
404 4153
405 4271
406 1728
407 3405
408 4881
409 2421
410 4848
411 283
412 4758
413 957
414 586
415 4213
416 4330
417 2660
418 1883
419 970
420 1222
421 2633
422 2836
423 924
424 885
425 142
426 1932
427 1952
428 1099
429 2960
430 3054
431 4431
432 881
433 3386
434 2877
435 1706
436 4945
437 3492
438 1046
439 736
440 1196
441 2551
442 643
443 3409
444 820
445 2058
446 773
447 4360
448 3422
449 3241
450 762
451 981
452 3307
453 3448
454 1377
455 746
456 2450
457 1345
458 2694
459 4854
460 908
461 1438
462 688
463 702
464 1444
465 1035
466 447
467 3668
468 1898
469 2371
470 2891
471 1207
472 1417
473 4323
474 4268
475 4336
476 4995
477 1823
478 3258
479 3152
480 4894
481 1775
482 4451
483 4160
484 2443
485 2105
486 4102
487 2824
488 4375
489 290
490 4545
491 4952
492 4353
493 4593
494 2370
495 209
496 2577
497 52
498 2491
499 340
500 4398
501 2152
502 525
503 3411
504 2674
505 4051
506 4482
507 3709
508 3215
509 3149
510 3639
511 4784
512 3008
513 4780
514 2578
515 460
516 2109
517 4818
518 1848
519 564
520 1995
521 4015
522 3350
523 4541
524 904
525 4976
526 3582
527 2085
528 198
529 2777
530 1115
531 424
532 43
533 2338
534 1235
535 2888
536 2792
537 4883
538 515
539 2989
540 3282
541 1950
542 2174
543 2291
544 1886
545 3695
546 4500
547 3987
548 3578
549 3473
550 4259
551 2242
552 4437
553 2949
554 4986
555 42
556 1015
557 1350
558 1279
559 508
560 2713
561 3804
562 4732
563 3364
564 2868
565 2077
566 4959
567 4532
568 546
569 1480
570 210
571 2636
572 2154
573 109
574 1463
575 1515
576 4831
577 1113
578 1519
579 2745
580 2266
581 141
582 1531
583 1535
584 3003
585 3712
586 1616
587 3315
588 1534
589 4772
590 4687
591 1790
592 3463
593 4346
594 3397
595 2224
596 2821
597 2804
598 4148
599 1252
600 2172
601 932
602 4427
603 1551
604 4487
605 4687
606 375
607 1325
608 4895
609 3266
610 342
611 4639
612 336
613 2845
614 2402
615 4307
616 803
617 3161
618 4211
619 4224
620 2373
621 917
622 2364
623 2726
624 4419
625 2840
626 397
627 2815
628 1493
629 2135
630 4886
631 3873
632 4127
633 4937
634 2695
635 2764
636 2426
637 3371
638 4233
639 91
640 1707
641 3762
642 2792
643 4727
644 551
645 2578
646 3395
647 1637
648 3641
649 3690
650 1327
651 4450
652 4420
653 3661
654 506
655 187
656 1133
657 1812
658 82
659 4067
660 4096
661 4007
662 4260
663 2299
664 2093
665 3221
666 103
667 371
668 1644
669 1182
670 1241
671 3398
672 4537
673 3571
674 1773
675 3721
676 1377
677 1568
678 4313
679 4105
680 2145
681 4775
682 4130
683 2551
684 3705
685 4911
686 2496
687 1967
688 3927
689 983
690 1961
691 4660
692 2688
693 67
694 3976
695 2917
696 1242
697 3211
698 459
699 2725
700 3632
701 3430
702 168
703 3019
704 1624
705 2258
706 3477
707 2736
708 3333
709 2796
710 4983
711 2319
712 156
713 774
714 2665
715 282
716 1814
717 678
718 4719
719 3872
720 346
721 1632
722 1028
723 894
724 650
725 2322
726 228
727 2255
728 2740
729 958
730 682
731 1870
732 4238
733 4915
734 4276
735 2133
736 740
737 467
738 851
739 4291
740 1598
741 762
742 3246
743 3704
744 4356
745 4974
746 3389
747 153
748 2556
749 3415
750 3611
751 3073
752 3849
753 2206
754 4360
755 822
756 3418
757 2019
758 4816
759 1889
760 1508
761 3309
762 1456
763 4236
764 3460
765 381
766 1501
767 1797
768 1020
769 3663
770 3307
771 4563
772 4857
773 3501
774 4202
775 527
776 156
777 4889
778 2939
779 4245
780 4877
781 586
782 3965
783 2693
784 3759
785 179
786 3944
787 4620
788 456
789 4798
790 2514
791 4602
792 231
793 1332
794 4128
795 2571
796 1482
797 1225
798 885
799 3664
800 1023
801 2110
802 2683
803 1886
804 409
805 850
806 703
807 4187
808 3829
809 3808
810 3157
811 4272
812 2025
813 4505
814 3493
815 2655
816 1457
817 167
818 770
819 1216
820 3486
821 2073
822 4687
823 1789
824 4614
825 4988
826 3856
827 4134
828 970
829 3445
830 256
831 3953
832 3065
833 2110
834 455
835 1501
836 520
837 3966
838 98
839 739
840 893
841 3595
842 2367
843 2896
844 1963
845 3407
846 3622
847 1780
848 2832
849 3280
850 168
851 1165
852 966
853 3684
854 4164
855 2113
856 4896
857 4052
858 4009
859 132
860 604
861 1847
862 158
863 3669
864 3780
865 3487
866 1201
867 1559
868 21
869 1090
870 2221
871 2684
872 743
873 3730
874 2898
875 1291
876 4040
877 3783
878 1558
879 1125
880 1970
881 2740
882 3392
883 776
884 3814
885 1779
886 1350
887 1418
888 3603
889 288
890 1820
891 1407
892 4875
893 499
894 4035
895 72
896 945
897 3326
898 2311
899 370
900 162
901 4566
902 3641
903 1996
904 2541
905 1616
906 4859
907 2954
908 1898
909 3957
910 3588
911 3583
912 1109
913 739
914 457
915 2487
916 2390
917 962
918 1597
919 3879
920 4561
921 872
922 279
923 376
924 122
925 4438
926 4654
927 4398
928 1555
929 953
930 4948
931 4907
932 3718
933 4106
934 3150
935 4404
936 2340
937 4120
938 1161
939 3769
940 2644
941 3911
942 4633
943 4725
944 1830
945 1547
946 4227
947 1491
948 4720
949 4683
950 3823
951 4415
952 3152
953 3062
954 1289
955 4221
956 1821
957 2615
958 1795
959 828
960 1139
961 4173
962 1263
963 551
964 1338
965 1307
966 3507
967 4929
968 1479
969 373
970 3795
971 3323
972 2261
973 1372
974 4062
975 4897
976 2502
977 875
978 756
979 3612
980 976
981 2879
982 378
983 2343
984 2825
985 125
986 59
987 4325
988 3129
989 2112
990 1175
991 1708
992 4334
993 1754
994 2854
995 2100
996 4148
997 418
998 4433
999 4663
1000 1208
1001 819
1002 1355
1003 2467
1004 2275
1005 4135
1006 2737
1007 2562
1008 1983
1009 1484
1010 865
1011 4432
1012 4202
1013 864
1014 3164
1015 1285
1016 2854
1017 3507
1018 760
1019 1959
1020 4670
1021 3583
1022 4632
1023 4017
1024 1703
1025 2167
1026 479
1027 1015
1028 2605
1029 356
1030 1854
1031 3798
1032 3576
1033 2512
1034 2811
1035 2129
1036 2668
1037 3644
1038 1327
1039 3897
1040 4565
1041 48
1042 2990
1043 4664
1044 2293
1045 4476
1046 1004
1047 329
1048 2346
1049 1255
1050 3418
1051 226
1052 576
1053 2970
1054 1554
1055 2090
1056 2814
1057 3565
1058 21
1059 3920
1060 1597
1061 2974
1062 3391
1063 917
1064 3562
1065 664
1066 2534
1067 3382
1068 1045
1069 4823
1070 4861
1071 3636
1072 1167
1073 259
1074 2260
1075 1783
1076 1221
1077 1461
1078 3255
1079 1431
1080 500
1081 2694
1082 2069
1083 2244
1084 778
1085 4446
1086 1560
1087 1586
1088 551
1089 22
1090 4692
1091 2356
1092 1799
1093 2576
1094 108
1095 3516
1096 2463
1097 1440
1098 1572
1099 3751
1100 3050
1101 2151
1102 3532
1103 2165
1104 1783
1105 2195
1106 839
1107 2898
1108 4512
1109 4122
1110 4683
1111 3077
1112 3118
1113 4346
1114 4155
1115 587
1116 4547
1117 4630
1118 3432
1119 4706
1120 1693
1121 4017
1122 3503
1123 3782
1124 2273
1125 1684
1126 4502
1127 4795
1128 2525
1129 1012
1130 175
1131 4781
1132 4026
1133 1994
1134 4755
1135 3871
1136 4183
1137 2921
1138 4512
1139 3878
1140 3978
1141 3206
1142 1578
1143 185
1144 360
1145 2104
1146 1174
1147 2974
1148 281
1149 3032
1150 293
1151 1665
1152 3733
1153 172
1154 973
1155 3824
1156 4322
1157 3054
1158 4745
1159 1683
1160 2825
1161 851
1162 1565
1163 848
1164 1936
1165 1185
1166 1469
1167 1728
1168 3850
1169 3358
1170 522
1171 4730
1172 1687
1173 3045
1174 4119
1175 269
1176 756
1177 4655
1178 579
1179 4207
1180 1547
1181 3761
1182 1042
1183 3412
1184 2949
1185 231
1186 3089
1187 4775
1188 1589
1189 2946
1190 181
1191 4128
1192 1410
1193 4279
1194 1964
1195 4226
1196 1525
1197 1850
1198 1700
1199 3150
1200 185
1201 1388
1202 1654
1203 1224
1204 3198
1205 2952
1206 4999
1207 841
1208 1462
1209 3153
1210 3931
1211 4357
1212 4372
1213 3481
1214 3029
1215 599
1216 3723
1217 4305
1218 4520
1219 350
1220 1416
1221 634
1222 3067
1223 619
1224 3675
1225 4262
1226 1868
1227 1395
1228 4735
1229 2489
1230 4358
1231 2081
1232 3948
1233 1217
1234 1577
1235 2770
1236 2034
1237 4859
1238 4287
1239 3067
1240 4773
1241 2142
1242 1293
1243 3206
1244 779
1245 611
1246 989
1247 3799
1248 4118
1249 3348
1250 2080
1251 1685
1252 2441
1253 4181
1254 1566
1255 4980
1256 2001
1257 2465
1258 3571
1259 610
1260 2371
1261 304
1262 1299
1263 2342
1264 957
1265 3983
1266 1426
1267 1541
1268 411
1269 2210
1270 550
1271 1682
1272 877
1273 1728
1274 1882
1275 934
1276 3583
1277 783
1278 2225
1279 4978
1280 2693
1281 2897
1282 4436
1283 4586
1284 3452
1285 2448
1286 3989
1287 4393
1288 1636
1289 4541
1290 4940
1291 712
1292 2015
1293 4781
1294 627
1295 2225
1296 2033
1297 4620
1298 2642
1299 2852
1300 1217
1301 101
1302 3220
1303 1137
1304 1867
1305 1003
1306 970
1307 57
1308 2427
1309 3541
1310 3032
1311 215
1312 1580
1313 3058
1314 3075
1315 3033
1316 3491
1317 3364
1318 4291
1319 3683
1320 2833
1321 1688
1322 4438
1323 1188
1324 2193
1325 2516
1326 1252
1327 337
1328 4196
1329 4963
1330 1059
1331 1785
1332 1235
1333 1675
1334 1210
1335 3016
1336 1997
1337 2717
1338 3031
1339 3617
1340 1071
1341 302
1342 1384
1343 3670
1344 800
1345 4739
1346 4511
1347 3928
1348 3204
1349 3445
1350 3815
1351 852
1352 4227
1353 3439
1354 2399
1355 3494
1356 2787
1357 3294
1358 3693
1359 2696
1360 3112
1361 3113
1362 2239
1363 1065
1364 625
1365 759
1366 2786
1367 4685
1368 4196
1369 4200
1370 1141
1371 4618
1372 936
1373 3555
1374 862
1375 2804
1376 3838
1377 2137
1378 3750
1379 3101
1380 2447
1381 3554
1382 4278
1383 3862
1384 2475
1385 1716
1386 3554
1387 3606
1388 1702
1389 2420
1390 2137
1391 1074
1392 1790
1393 4048
1394 3059
1395 185
1396 3651
1397 761
1398 1683
1399 4205
1400 2819
1401 4538
1402 2628
1403 1718
1404 891
1405 2315
1406 835
1407 4850
1408 4462
1409 1472
1410 4002
1411 2553
1412 4135
1413 926
1414 2024
1415 3661
1416 3137
1417 1122
1418 803
1419 845
1420 2782
1421 4299
1422 2743
1423 2594
1424 528
1425 1477
1426 4551
1427 784
1428 657
1429 4805
1430 4474
1431 1486
1432 2663
1433 2992
1434 971
1435 1163
1436 3294
1437 3830
1438 2890
1439 4531
1440 4797
1441 973
1442 2639
1443 3966
1444 4347
1445 2426
1446 3509
1447 3472
1448 2811
1449 496
1450 241
1451 2933
1452 4972
1453 2259
1454 3197
1455 573
1456 3106
1457 958
1458 984
1459 3272
1460 1293
1461 2129
1462 4185
1463 696
1464 4223
1465 3673
1466 3949
1467 4979
1468 1284
1469 1535
1470 3512
1471 3032
1472 4644
1473 2115
1474 3414
1475 3447
1476 3677
1477 4073
1478 2049
1479 4322
1480 2513
1481 703
1482 2431
1483 2309
1484 2737
1485 4640
1486 3518
1487 1618
1488 4237
1489 4253
1490 205
1491 4704
1492 3997
1493 722
1494 170
1495 3918
1496 198
1497 1466
1498 3042
1499 410
1500 2315
1501 4251
1502 3020
1503 3218
1504 2052
1505 2100
1506 4916
1507 2532
1508 4838
1509 1801
1510 811
1511 1825
1512 2319
1513 3688
1514 4932
1515 3693
1516 2723
1517 2114
1518 3114
1519 3969
1520 3261
1521 4939
1522 226
1523 2911
1524 1721
1525 1220
1526 4221
1527 1054
1528 3256
1529 4199
1530 4078
1531 606
1532 2955
1533 1647
1534 738
1535 1104
1536 138
1537 2597
1538 285
1539 438
1540 1512
1541 3480
1542 2057
1543 4215
1544 2238
1545 2771
1546 1067
1547 2899
1548 1675
1549 1268
1550 4090
1551 2095
1552 4093
1553 274
1554 2057
1555 1868
1556 3904
1557 2043
1558 2942
1559 989
1560 37
1561 1069
1562 4135
1563 1559
1564 4917
1565 938
1566 1436
1567 3573
1568 160
1569 4726
1570 3174
1571 2560
1572 3457
1573 2180
1574 2638
1575 1626
1576 4356
1577 4194
1578 4955
1579 1897
1580 600
1581 4434
1582 797
1583 2539
1584 1415
1585 4297
1586 3796
1587 3330
1588 4708
1589 788
1590 1365
1591 3990
1592 1413
1593 2317
1594 4688
1595 297
1596 2356
1597 4841
1598 3004
1599 2351
1600 840
1601 292
1602 4962
1603 226
1604 2853
1605 686
1606 734
1607 1627
1608 1212
1609 4922
1610 2778
1611 129
1612 183
1613 767
1614 645
1615 1011
1616 3128
1617 2200
1618 965
1619 4699
1620 2486
1621 1874
1622 2819
1623 372
1624 4002
1625 142
1626 1010
1627 4318
1628 405
1629 780
1630 383
1631 4221
1632 3930
1633 4270
1634 3213
1635 1696
1636 1912
1637 2271
1638 3851
1639 1000
1640 436
1641 1689
1642 312
1643 2072
1644 2454
1645 3572
1646 1156
1647 736
1648 4043
1649 928
1650 3100
1651 3155
1652 519
1653 428
1654 47
1655 397
1656 2917
1657 886
1658 2821
1659 2277
1660 4967
1661 1339
1662 751
1663 2496
1664 1038
1665 3543
1666 1388
1667 4415
1668 1725
1669 2705
1670 3062
1671 3778
1672 633
1673 1295
1674 1696
1675 1048
1676 3698
1677 3887
1678 3267
1679 2045
1680 832
1681 1046
1682 1580
1683 1032
1684 3985
1685 2431
1686 2575
1687 435
1688 786
1689 3445
1690 1188
1691 933
1692 3752
1693 965
1694 4946
1695 4736
1696 1698
1697 1887
1698 4810
1699 3510
1700 2367
1701 3526
1702 3500
1703 523
1704 3513
1705 2155
1706 4461
1707 4292
1708 3626
1709 310
1710 890
1711 3220
1712 3221
1713 4848
1714 3724
1715 2440
1716 3192
1717 1107
1718 329
1719 375
1720 3000
1721 3953
1722 1672
1723 3326
1724 3573
1725 3926
1726 153
1727 1722
1728 2689
1729 1202
1730 2876
1731 1545
1732 4248
1733 1556
1734 1102
1735 3860
1736 2281
1737 2097
1738 801
1739 4266
1740 785
1741 78
1742 1715
1743 2595
1744 1436
1745 716
1746 3120
1747 1145
1748 3055
1749 4568
1750 3506
1751 2273
1752 4232
1753 1694
1754 3732
1755 3225
1756 3881
1757 3511
1758 3831
1759 2671
1760 3611
1761 4003
1762 2513
1763 4520
1764 717
1765 4667
1766 603
1767 257
1768 1263
1769 2409
1770 98
1771 1215
1772 4226
1773 1396
1774 4265
1775 1890
1776 4904
1777 3729
1778 1215
1779 4694
1780 3821
1781 4700
1782 3688
1783 268
1784 1187
1785 1283
1786 1369
1787 811
1788 1554
1789 2487
1790 3896
1791 1710
1792 3701
1793 2153
1794 2897
1795 4121
1796 1916
1797 3798
1798 4777
1799 3062
1800 1796
1801 3138
1802 2699
1803 1990
1804 1418
1805 2017
1806 1205
1807 815
1808 2193
1809 2529
1810 153
1811 4790
1812 3049
1813 2311
1814 1216
1815 1735
1816 1616
1817 1087
1818 28
1819 4618
1820 1944
1821 4800
1822 148
1823 592
1824 4909
1825 1847
1826 1412
1827 1226
1828 4876
1829 1220
1830 4931
1831 1780
1832 4360
1833 4637
1834 4937
1835 105
1836 2414
1837 4070
1838 3895
1839 2910
1840 2212
1841 2425
1842 1859
1843 3919
1844 3835
1845 3516
1846 3799
1847 4693
1848 4573
1849 2894
1850 4751
1851 4719
1852 1158
1853 3533
1854 1959
1855 2669
1856 1215
1857 4849
1858 859
1859 648
1860 4880
1861 56
1862 2650
1863 2607
1864 1962
1865 362
1866 407
1867 2054
1868 264
1869 142
1870 3196
1871 2643
1872 1657
1873 4758
1874 3380
1875 3225
1876 4293
1877 2386
1878 1394
1879 1462
1880 1925
1881 2841
1882 4568
1883 2168
1884 4606
1885 105
1886 2193
1887 3108
1888 4204
1889 978
1890 2924
1891 2142
1892 3053
1893 44
1894 2787
1895 214
1896 4767
1897 923
1898 2492
1899 4872
1900 2684
1901 602
1902 1525
1903 3750
1904 3706
1905 2507
1906 3466
1907 1637
1908 3279
1909 4832
1910 2313
1911 3571
1912 1108
1913 3584
1914 3156
1915 4685
1916 1786
1917 4732
1918 2398
1919 363
1920 4884
1921 1841
1922 2886
1923 2656
1924 228
1925 4557
1926 2708
1927 777
1928 985
1929 4377
1930 3133
1931 4949
1932 4964
1933 2183
1934 1164
1935 3833
1936 2967
1937 2154
1938 415
1939 1244
1940 2372
1941 3753
1942 600
1943 2914
1944 4140
1945 2720
1946 729
1947 3598
1948 2325
1949 3124
1950 4226
1951 3898
1952 1762
1953 820
1954 578
1955 4828
1956 2036
1957 3867
1958 2786
1959 1260
1960 4006
1961 2781
1962 2859
1963 3096
1964 4141
1965 2814
1966 3811
1967 206
1968 1673
1969 1790
1970 1150
1971 3922
1972 4099
1973 423
1974 4641
1975 4159
1976 2877
1977 2463
1978 2195
1979 2028
1980 3272
1981 4444
1982 2124
1983 3149
1984 159
1985 4308
1986 2602
1987 1739
1988 268
1989 4660
1990 3142
1991 4947
1992 778
1993 4986
1994 2056
1995 855
1996 4409
1997 2694
1998 1388
1999 1987
2000 2129
2001 481
2002 1566
2003 4209
2004 1413
2005 2136
2006 2040
2007 3402
2008 521
2009 565
2010 1553
2011 4329
2012 2633
2013 511
2014 2255
2015 2751
2016 2786
2017 4192
2018 790
2019 2916
2020 471
2021 810
2022 1640
2023 3227
2024 1448
2025 687
2026 3495
2027 3065
2028 3787
2029 1621
2030 3099
2031 3442
2032 407
2033 3870
2034 3109
2035 3433
2036 3420
2037 1095
2038 732
2039 3079
2040 4380
2041 2488
2042 2540
2043 1777
2044 4166
2045 1251
2046 2687
2047 4002
2048 1565
2049 1592
2050 1912
2051 1579
2052 807
2053 386
2054 3129
2055 3621
2056 240
2057 721
2058 1106
2059 1673
2060 2030
2061 2579
2062 3731
2063 3583
2064 1294
2065 1046
2066 617
2067 83
2068 2358
2069 4555
2070 1353
2071 3119
2072 4879
2073 4829
2074 533
2075 4508
2076 3418
2077 1407
2078 4817
2079 2589
2080 696
2081 1840
2082 3646
2083 3148
2084 2147
2085 3926
2086 4936
2087 4067
2088 2591
2089 3612
2090 1
2091 800
2092 4798
2093 1556
2094 3212
2095 2012
2096 4486
2097 2650
2098 1407
2099 1441
2100 1826
2101 1214
2102 858
2103 3352
2104 816
2105 4990
2106 698
2107 4706
2108 15
2109 3486
2110 1055
2111 2550
2112 984
2113 724
2114 1781
2115 4984
2116 4433
2117 3949
2118 3610
2119 3453
2120 3537
2121 3371
2122 2750
2123 3054
2124 4070
2125 3631
2126 2418
2127 1012
2128 2039
2129 233
2130 609
2131 1456
2132 1256
2133 3856
2134 2389
2135 2171
2136 869
2137 2105
2138 2391
2139 1042
2140 1204
2141 1969
2142 3756
2143 1502
2144 407
2145 1966
2146 3686
2147 2403
2148 4273
2149 724
2150 2917
2151 3400
2152 2341
2153 3546
2154 1903
2155 2092
2156 4808
2157 302
2158 227
2159 3897
2160 2059
2161 1874
2162 2757
2163 4867
2164 1646
2165 3239
2166 1394
2167 1430
2168 1360
2169 4207
2170 4801
2171 4364
2172 1641
2173 3765
2174 397
2175 2104
2176 938
2177 962
2178 3018
2179 914
2180 3797
2181 4288
2182 3078
2183 1289
2184 3383
2185 2515
2186 3769
2187 1434
2188 2872
2189 3060
2190 1823
2191 4604
2192 3654
2193 4030
2194 4622
2195 2582
2196 2536
2197 3242
2198 2993
2199 2611
2200 261
2201 1658
2202 3858
2203 4630
2204 4433
2205 4908
2206 11
2207 4780
2208 1617
2209 4763
2210 685
2211 4730
2212 761
2213 2708
2214 1267
2215 4550
2216 3291
2217 38
2218 3434
2219 4527
2220 4189
2221 3225
2222 3256
2223 3536
2224 3124
2225 4657
2226 4300
2227 3305
2228 232
2229 2252
2230 598
2231 4223
2232 2450
2233 1816
2234 378
2235 4105
2236 3426
2237 3520
2238 864
2239 1689
2240 2870
2241 3314
2242 2056
2243 1514
2244 4895
2245 1601
2246 3352
2247 1190
2248 4324
2249 53
2250 1042
2251 1060
2252 159
2253 3020
2254 2244
2255 4661
2256 1415
2257 2563
2258 1553
2259 1408
2260 2290
2261 808
2262 782
2263 466
2264 1226
2265 4959
2266 4461
2267 1791
2268 1747
2269 4010
2270 4389
2271 1943
2272 2084
2273 1941
2274 428
2275 3379
2276 510
2277 4900
2278 1888
2279 1576
2280 4008
2281 4724
2282 4314
2283 4524
2284 4332
2285 2904
2286 230
2287 3853
2288 2810
2289 3020
2290 4388
2291 1061
2292 3238
2293 491
2294 4394
2295 1134
2296 1062
2297 1460
2298 1143
2299 4121
2300 1593
2301 2530
2302 367
2303 3077
2304 423
2305 79
2306 1733
2307 4145
2308 347
2309 1871
2310 362
2311 1467
2312 1017
2313 4737
2314 2325
2315 1028
2316 313
2317 148
2318 687
2319 3490
2320 4874
2321 4625
2322 1901
2323 1604
2324 1558
2325 4067
2326 3930
2327 2772
2328 1619
2329 210
2330 2296
2331 1897
2332 269
2333 3678
2334 3354
2335 3770
2336 905
2337 1264
2338 501
2339 2832
2340 682
2341 378
2342 3683
2343 1300
2344 2310
2345 854
2346 529
2347 4361
2348 931
2349 3664
2350 3677
2351 3294
2352 4657
2353 2413
2354 3361
2355 4179
2356 2908
2357 1878
2358 2150
2359 1088
2360 2997
2361 3287
2362 4773
2363 3474
2364 2483
2365 3451
2366 364
2367 2815
2368 2721
2369 4368
2370 2074
2371 3416
2372 2677
2373 1401
2374 4930
2375 1715
2376 1511
2377 1702
2378 2033
2379 2307
2380 3656
2381 88
2382 1650
2383 2431
2384 1132
2385 2212
2386 3548
2387 4597
2388 4606
2389 4485
2390 1948
2391 4603
2392 2255
2393 1883
2394 4815
2395 4206
2396 3881
2397 3454
2398 4802
2399 4335
2400 1804
2401 1079
2402 1064
2403 832
2404 4986
2405 4803
2406 3339
2407 343
2408 3547
2409 2830
2410 120
2411 4208
2412 2259
2413 1105
2414 1507
2415 2852
2416 3900
2417 1256
2418 4336
2419 2474
2420 1351
2421 1555
2422 2465
2423 4565
2424 1158
2425 3475
2426 3692
2427 2125
2428 842
2429 1348
2430 1638
2431 4259
2432 2654
2433 4642
2434 1071
2435 3217
2436 2602
2437 1344
2438 3552
2439 4837
2440 530
2441 1999
2442 2023
2443 4776
2444 4734
2445 2029
2446 2899
2447 3891
2448 3127
2449 47
2450 2537
2451 1599
2452 2207
2453 2010
2454 1465
2455 1102
2456 195
2457 246
2458 4607
2459 4890
2460 1512
2461 2557
2462 3846
2463 3036
2464 1406
2465 4843
2466 637
2467 420
2468 1962
2469 952
2470 1106
2471 2152
2472 3887
2473 734
2474 3953
2475 4160
2476 2456
2477 1634
2478 2789
2479 3106
2480 748
2481 463
2482 3981
2483 1565
2484 3824
2485 411
2486 3945
2487 632
2488 3833
2489 3763
2490 847
2491 2966
2492 3099
2493 3224
2494 77
2495 4606
2496 156
2497 4243
2498 465
2499 3745
2500 2302
2501 2234
2502 4177
2503 4081
2504 2750
2505 2122
2506 2372
2507 4253
2508 599
2509 3231
2510 1253
2511 3375
2512 2909
2513 119
2514 3857
2515 641
2516 4923
2517 4605
2518 2009
2519 4515
2520 2026
2521 894
2522 178
2523 4069
2524 412
2525 4410
2526 3595
2527 1623
2528 2525
2529 663
2530 1878
2531 1960
2532 3257
2533 3249
2534 1576
2535 4034
2536 3589
2537 4858
2538 1512
2539 1264
2540 4802
2541 1997
2542 3536
2543 1243
2544 3666
2545 2977
2546 3299
2547 4903
2548 2015
2549 4614
2550 985
2551 3969
2552 2976
2553 987
2554 496
2555 3851
2556 649
2557 2555
2558 2457
2559 1921
2560 487
2561 922
2562 1530
2563 3541
2564 3712
2565 3519
2566 1989
2567 71
2568 1089
2569 3545
2570 2160
2571 4525
2572 4084
2573 3556
2574 3363
2575 1515
2576 4928
2577 1208
2578 2222
2579 3603
2580 1387
2581 2778
2582 1790
2583 1219
2584 2140
2585 4285
2586 1730
2587 2841
2588 4439
2589 1175
2590 939
2591 1235
2592 2438
2593 819
2594 2368
2595 175
2596 1908
2597 2298
2598 4471
2599 4184
2600 292
2601 239
2602 1672
2603 1556
2604 8
2605 3809
2606 2485
2607 3098
2608 2656
2609 3299
2610 3410
2611 803
2612 2323
2613 146
2614 4553
2615 1909
2616 2489
2617 1608
2618 3985
2619 4629
2620 3131
2621 3821
2622 2224
2623 2172
2624 2516
2625 1372
2626 848
2627 1515
2628 1794
2629 3089
2630 189
2631 2833
2632 4976
2633 2250
2634 253
2635 4381
2636 2093
2637 6
2638 1495
2639 1102
2640 4309
2641 3419
2642 2853
2643 3245
2644 1585
2645 4115
2646 3479
2647 3755
2648 1017
2649 266
2650 1946
2651 312
2652 2335
2653 3280
2654 2325
2655 4428
2656 1174
2657 1300
2658 390
2659 1175
2660 627
2661 4411
2662 417
2663 3722
2664 2293
2665 1186
2666 3481
2667 2087
2668 4487
2669 3086
2670 1877
2671 179
2672 2539
2673 2023
2674 1333
2675 4479
2676 4139
2677 2327
2678 2969
2679 1459
2680 1501
2681 1243
2682 528
2683 4173
2684 1712
2685 2032
2686 274
2687 1261
2688 1999
2689 760
2690 1096
2691 3984
2692 2826
2693 1811
2694 777
2695 3834
2696 3645
2697 3256
2698 1081
2699 4642
2700 3874
2701 1246
2702 4312
2703 4121
2704 138
2705 2715
2706 2260
2707 239
2708 133
2709 2808
2710 4990
2711 2859
2712 3508
2713 2608
2714 1772
2715 630
2716 1013
2717 3953
2718 4543
2719 2207
2720 4788
2721 1333
2722 708
2723 4489
2724 75
2725 1139
2726 1732
2727 3717
2728 1828
2729 814
2730 1947
2731 2957
2732 3644
2733 4777
2734 3238
2735 1703
2736 1235
2737 361
2738 762
2739 69
2740 3126
2741 356
2742 2688
2743 1340
2744 2654
2745 4197
2746 2994
2747 2413
2748 2370
2749 2267
2750 733
2751 2054
2752 4863
2753 2257
2754 1824
2755 1701
2756 2677
2757 3057
2758 331
2759 3008
2760 4406
2761 156
2762 421
2763 197
2764 4306
2765 2139
2766 2651
2767 3777
2768 3741
2769 445
2770 4020
2771 200
2772 4563
2773 4189
2774 263
2775 4492
2776 2114
2777 3533
2778 1191
2779 14
2780 3834
2781 3753
2782 502
2783 1056
2784 3648
2785 2915
2786 354
2787 99
2788 2152
2789 3809
2790 3200
2791 2224
2792 3354
2793 574
2794 3813
2795 4346
2796 153
2797 2294
2798 3164
2799 1621
2800 3045
2801 4681
2802 2855
2803 2673
2804 4504
2805 1832
2806 4079
2807 4014
2808 378
2809 2996
2810 3683
2811 2366
2812 4169
2813 4197
2814 1743
2815 1411
2816 485
2817 1570
2818 238
2819 1881
2820 94
2821 2238
2822 789
2823 788
2824 932
2825 4644
2826 1179
2827 2024
2828 2178
2829 3280
2830 310
2831 1529
2832 1964
2833 2875
2834 4563
2835 717
2836 3602
2837 4261
2838 41
2839 1874
2840 265
2841 3250
2842 14
2843 3787
2844 3888
2845 100
2846 18
2847 4972
2848 712
2849 346
2850 4403
2851 466
2852 3271
2853 3049
2854 2860
2855 1314
2856 1829
2857 4785
2858 3341
2859 3545
2860 2238
2861 2043
2862 4098
2863 657
2864 1933
2865 1033
2866 2008
2867 377
2868 1329
2869 2293
2870 2207
2871 2716
2872 4176
2873 2914
2874 107
2875 2167
2876 2546
2877 1625
2878 1236
2879 2222
2880 4976
2881 1472
2882 1980
2883 241
2884 4978
2885 1332
2886 232
2887 139
2888 1539
2889 1047
2890 4168
2891 4233
2892 3470
2893 520
2894 4823
2895 4119
2896 457
2897 723
2898 3951
2899 3385
2900 453
2901 4228
2902 2657
2903 2514
2904 607
2905 4485
2906 3655
2907 3406
2908 2279
2909 1809
2910 589
2911 2492
2912 4813
2913 4757
2914 1760
2915 2567
2916 2641
2917 3321
2918 2779
2919 4103
2920 997
2921 166
2922 3093
2923 1985
2924 1955
2925 2958
2926 115
2927 3333
2928 4805
2929 4684
2930 1642
2931 1291
2932 2771
2933 4743
2934 2614
2935 3484
2936 1906
2937 1510
2938 776
2939 2103
2940 2593
2941 2010
2942 2723
2943 432
2944 4460
2945 1335
2946 1911
2947 3025
2948 1669
2949 3418
2950 3664
2951 3585
2952 2465
2953 857
2954 3894
2955 1088
2956 4634
2957 4504
2958 3248
2959 610
2960 1955
2961 3687
2962 1656
2963 835
2964 1079
2965 29
2966 4810
2967 239
2968 3280
2969 2010
2970 3913
2971 3493
2972 1404
2973 3617
2974 3180
2975 3729
2976 3936
2977 3642
2978 937
2979 4921
2980 553
2981 2454
2982 4841
2983 1784
2984 1664
2985 365
2986 4713
2987 2275
2988 3473
2989 1028
2990 2697
2991 4
2992 4792
2993 4646
2994 4981
2995 576
2996 2403
2997 4185
2998 2104
2999 2194
3000 3059
3001 3152
3002 977
3003 1639
3004 2331
3005 1001
3006 1069
3007 2078
3008 3356
3009 1660
3010 4890
3011 4037
3012 2224
3013 2208
3014 3791
3015 248
3016 1156
3017 2261
3018 4333
3019 4044
3020 877
3021 201
3022 2942
3023 4406
3024 4556
3025 4978
3026 2349
3027 3765
3028 2478
3029 1863
3030 2350
3031 2228
3032 4198
3033 2175
3034 4754
3035 3867
3036 3232
3037 719
3038 3003
3039 2401
3040 3505
3041 393
3042 835
3043 4626
3044 1652
3045 1174
3046 1523
3047 660
3048 4981
3049 492
3050 4704
3051 223
3052 1357
3053 3830
3054 1523
3055 3886
3056 4533
3057 3211
3058 833
3059 2476
3060 1474
3061 2152
3062 4517
3063 1586
3064 2042
3065 3556
3066 3550
3067 1456
3068 998
3069 1969
3070 3277
3071 317
3072 2659
3073 3610
3074 1557
3075 1672
3076 4702
3077 1575
3078 1807
3079 2870
3080 4541
3081 4675
3082 4715
3083 3777
3084 4443
3085 1432
3086 2347
3087 293
3088 7
3089 849
3090 1673
3091 2976
3092 973
3093 3728
3094 1057
3095 1042
3096 3332
3097 2441
3098 3093
3099 1575
3100 2591
3101 3295
3102 299
3103 2861
3104 4658
3105 3826
3106 1527
3107 4383
3108 3230
3109 2633
3110 1678
3111 4175
3112 730
3113 1649
3114 218
3115 1878
3116 3848
3117 64
3118 243
3119 3092
3120 4452
3121 479
3122 4373
3123 2353
3124 2197
3125 1239
3126 1519
3127 3301
3128 1463
3129 4311
3130 4680
3131 476
3132 2330
3133 538
3134 4271
3135 2455
3136 3223
3137 3539
3138 4112
3139 948
3140 1442
3141 85
3142 3171
3143 4853
3144 2320
3145 3271
3146 304
3147 2212
3148 2888
3149 403
3150 1769
3151 1467
3152 1980
3153 130
3154 2030
3155 1394
3156 486
3157 2948
3158 2422
3159 1657
3160 2992
3161 911
3162 4576
3163 2925
3164 442
3165 1043
3166 1118
3167 2129
3168 2531
3169 2715
3170 38
3171 4535
3172 3495
3173 1947
3174 1319
3175 4944
3176 597
3177 463
3178 4827
3179 552
3180 1142
3181 4077
3182 2264
3183 2658
3184 1040
3185 3889
3186 2925
3187 3710
3188 1025
3189 4630
3190 3373
3191 4905
3192 403
3193 2415
3194 4668
3195 2897
3196 2838
3197 4114
3198 2672
3199 1987
3200 4037
3201 2524
3202 2101
3203 539
3204 2346
3205 532
3206 3391
3207 2283
3208 240
3209 3512
3210 3179
3211 4559
3212 2369
3213 2239
3214 4158
3215 1563
3216 4359
3217 3755
3218 3358
3219 1111
3220 822
3221 4705
3222 4431
3223 3493
3224 1106
3225 858
3226 4357
3227 513
3228 2166
3229 2713
3230 3100
3231 1927
3232 4542
3233 323
3234 1127
3235 91
3236 4861
3237 719
3238 4393
3239 1783
3240 1460
3241 3616
3242 4312
3243 3858
3244 3675
3245 401
3246 1526
3247 1577
3248 142
3249 2754
3250 1739
3251 232
3252 1936
3253 637
3254 4731
3255 1930
3256 2706
3257 4802
3258 3717
3259 225
3260 92
3261 1420
3262 1585
3263 616
3264 515
3265 896
3266 3190
3267 4801
3268 3161
3269 4465
3270 3803
3271 966
3272 3378
3273 682
3274 3016
3275 1341
3276 922
3277 4511
3278 893
3279 1690
3280 4517
3281 4296
3282 3917
3283 410
3284 951
3285 1570
3286 2345
3287 2445
3288 4504
3289 262
3290 2884
3291 258
3292 844
3293 633
3294 1258
3295 704
3296 3666
3297 3934
3298 3067
3299 2763
3300 2228
3301 1575
3302 3570
3303 1744
3304 3666
3305 2376
3306 2440
3307 738
3308 402
3309 3280
3310 3290
3311 4830
3312 231
3313 2789
3314 4776
3315 2810
3316 4710
3317 2224
3318 406
3319 4895
3320 258
3321 2876
3322 2714
3323 3300
3324 1003
3325 2024
3326 4378
3327 296
3328 2768
3329 2773
3330 3954
3331 807
3332 3757
3333 1719
3334 2354
3335 3456
3336 4424
3337 4417
3338 2869
3339 426
3340 1742
3341 1768
3342 2559
3343 2460
3344 1598
3345 494
3346 1066
3347 799
3348 2288
3349 3033
3350 4477
3351 2918
3352 2195
3353 1334
3354 1677
3355 3433
3356 537
3357 242
3358 3760
3359 671
3360 1724
3361 4381
3362 3427
3363 2996
3364 1259
3365 2695
3366 1021
3367 2144
3368 4317
3369 2129
3370 1747
3371 3495
3372 2079
3373 1204
3374 4913
3375 418
3376 692
3377 643
3378 491
3379 1574
3380 3218
3381 1541
3382 1162
3383 1344
3384 1265
3385 2043
3386 4010
3387 4332
3388 101
3389 871
3390 460
3391 254
3392 3892
3393 589
3394 653
3395 379
3396 1412
3397 4950
3398 4383
3399 1089
3400 1958
3401 3235
3402 4952
3403 4060
3404 1466
3405 73
3406 4733
3407 1018
3408 4798
3409 1790
3410 2046
3411 4040
3412 1974
3413 39
3414 2981
3415 4853
3416 3654
3417 55
3418 4112
3419 3695
3420 4567
3421 4627
3422 2705
3423 4833
3424 2656
3425 582
3426 4853
3427 1995
3428 1665
3429 2342
3430 4197
3431 2595
3432 544
3433 1910
3434 4320
3435 4824
3436 4544
3437 1438
3438 1633
3439 1391
3440 105
3441 3429
3442 2607
3443 2929
3444 3693
3445 4458
3446 4485
3447 2877
3448 3538
3449 1238
3450 2199
3451 3933
3452 2820
3453 2817
3454 1070
3455 4028
3456 3246
3457 4627
3458 14
3459 2117
3460 4090
3461 4163
3462 3402
3463 1014
3464 3737
3465 4071
3466 1419
3467 894
3468 3453
3469 1526
3470 3760
3471 3079
3472 1650
3473 2853
3474 4762
3475 4183
3476 1158
3477 4512
3478 4627
3479 762
3480 2098
3481 700
3482 1199
3483 4114
3484 3799
3485 4043
3486 4911
3487 4016
3488 809
3489 4067
3490 849
3491 3761
3492 485
3493 3398
3494 1615
3495 2037
3496 2797
3497 3934
3498 2574
3499 4843
3500 1999
3501 4553
3502 2350
3503 2881
3504 4522
3505 3260
3506 904
3507 1578
3508 3020
3509 90
3510 374
3511 2175
3512 2773
3513 2461
3514 4904
3515 3144
3516 3779
3517 2156
3518 48
3519 1494
3520 4733
3521 2549
3522 14
3523 3432
3524 3725
3525 1246
3526 1875
3527 3221
3528 4970
3529 1805
3530 144
3531 3022
3532 1067
3533 3804
3534 2537
3535 4950
3536 1301
3537 3119
3538 3563
3539 4596
3540 3280
3541 3894
3542 1585
3543 2758
3544 2771
3545 376
3546 2367
3547 4211
3548 4923
3549 457
3550 2692
3551 3904
3552 4215
3553 3513
3554 1562
3555 2123
3556 367
3557 2888
3558 3635
3559 771
3560 3118
3561 3129
3562 40
3563 3125
3564 289
3565 3961
3566 405
3567 4134
3568 755
3569 1775
3570 1995
3571 2559
3572 2013
3573 335
3574 2118
3575 40
3576 830
3577 307
3578 3554
3579 469
3580 60
3581 2154
3582 4627
3583 898
3584 85
3585 3928
3586 661
3587 2574
3588 4501
3589 4498
3590 2005
3591 2576
3592 1605
3593 3792
3594 506
3595 3004
3596 957
3597 4685
3598 1296
3599 571
3600 2792
3601 1314
3602 22
3603 4996
3604 2348
3605 670
3606 2206
3607 4588
3608 1223
3609 3547
3610 1242
3611 1981
3612 3734
3613 2067
3614 4641
3615 2065
3616 2873
3617 4272
3618 4555
3619 2763
3620 2851
3621 1517
3622 3245
3623 2486
3624 3429
3625 1663
3626 2141
3627 729
3628 187
3629 442
3630 4364
3631 538
3632 4650
3633 4670
3634 112
3635 3276
3636 3695
3637 4400
3638 2074
3639 2420
3640 4018
3641 1494
3642 4168
3643 3905
3644 4490
3645 4579
3646 1205
3647 890
3648 2137
3649 4777
3650 4774
3651 667
3652 1132
3653 3163
3654 1510
3655 850
3656 3606
3657 4398
3658 4169
3659 905
3660 1338
3661 1584
3662 3382
3663 3540
3664 3346
3665 4990
3666 3721
3667 3480
3668 1223
3669 1903
3670 1804
3671 3659
3672 1591
3673 1570
3674 1429
3675 932
3676 3415
3677 2842
3678 1409
3679 4986
3680 2029
3681 2904
3682 597
3683 255
3684 1648
3685 3201
3686 1839
3687 1294
3688 3807
3689 3481
3690 1973
3691 2232
3692 672
3693 1677
3694 3797
3695 658
3696 4372
3697 1236
3698 2881
3699 528
3700 1584
3701 3335
3702 2455
3703 2443
3704 1376
3705 4399
3706 3133
3707 2976
3708 3926
3709 4233
3710 1133
3711 2552
3712 3118
3713 2086
3714 3764
3715 3741
3716 2146
3717 1959
3718 4404
3719 3753
3720 3237
3721 4527
3722 861
3723 1320
3724 273
3725 1082
3726 1035
3727 4145
3728 1642
3729 55
3730 3031
3731 3557
3732 4897
3733 3763
3734 3433
3735 3077
3736 4883
3737 2224
3738 2296
3739 2111
3740 2815
3741 2052
3742 1489
3743 102
3744 460
3745 1707
3746 4439
3747 89
3748 922
3749 4595
3750 4999
3751 3757
3752 772
3753 3830
3754 1093
3755 2756
3756 2210
3757 1780
3758 60
3759 3265
3760 3686
3761 3882
3762 2110
3763 2542
3764 2970
3765 4564
3766 1106
3767 2447
3768 2950
3769 3586
3770 2992
3771 760
3772 2533
3773 3484
3774 1492
3775 1429
3776 2922
3777 3345
3778 3418
3779 4758
3780 3166
3781 612
3782 1783
3783 2961
3784 3342
3785 1156
3786 4156
3787 411
3788 3954
3789 3457
3790 1174
3791 1397
3792 1100
3793 304
3794 889
3795 1178
3796 3779
3797 1060
3798 3675
3799 3671
3800 2256
3801 4241
3802 4752
3803 1136
3804 4734
3805 3795
3806 1996
3807 2828
3808 3752
3809 3251
3810 596
3811 708
3812 3571
3813 4626
3814 3277
3815 925
3816 563
3817 3796
3818 289
3819 8
3820 39
3821 828
3822 2077
3823 4369
3824 238
3825 2670
3826 4564
3827 1002
3828 2198
3829 1416
3830 2289
3831 1011
3832 3078
3833 4338
3834 3215
3835 924
3836 65
3837 1794
3838 875
3839 4564
3840 2399
3841 1085
3842 4676
3843 648
3844 186
3845 3384
3846 2602
3847 3151
3848 625
3849 1861
3850 2257
3851 2933
3852 4983
3853 2219
3854 1173
3855 61
3856 3162
3857 1951
3858 586
3859 1770
3860 1972
3861 1774
3862 3416
3863 1029
3864 3299
3865 1839
3866 2028
3867 229
3868 4202
3869 1531
3870 4450
3871 3592
3872 2585
3873 4904
3874 4131
3875 537
3876 4511
3877 4026
3878 2978
3879 360
3880 2420
3881 4832
3882 374
3883 1302
3884 2447
3885 4393
3886 2122
3887 4247
3888 3836
3889 4849
3890 2752
3891 3083
3892 3949
3893 2654
3894 2460
3895 4990
3896 3671
3897 2190
3898 990
3899 4753
3900 147
3901 255
3902 171
3903 2527
3904 1627
3905 2398
3906 4416
3907 4337
3908 2860
3909 3606
3910 4459
3911 4030
3912 3933
3913 4354
3914 3778
3915 4268
3916 654
3917 3634
3918 4648
3919 2687
3920 574
3921 3160
3922 1542
3923 2264
3924 555
3925 1587
3926 3629
3927 2527
3928 4316
3929 4251
3930 460
3931 246
3932 1761
3933 2615
3934 552
3935 4862
3936 1009
3937 3371
3938 1432
3939 13
3940 3953
3941 4859
3942 1936
3943 3172
3944 1869
3945 3290
3946 2956
3947 594
3948 4052
3949 3072
3950 1596
3951 4477
3952 4732
3953 4381
3954 704
3955 3481
3956 1521
3957 2012
3958 1053
3959 1540
3960 2493
3961 2458
3962 1999
3963 3183
3964 3558
3965 1116
3966 3344
3967 1443
3968 3201
3969 3479
3970 1234
3971 1782
3972 2778
3973 3212
3974 4373
3975 2367
3976 2540
3977 1011
3978 3520
3979 2456
3980 1233
3981 1263
3982 2234
3983 1639
3984 662
3985 3574
3986 93
3987 3128
3988 865
3989 3414
3990 1155
3991 4360
3992 1602
3993 258
3994 273
3995 2709
3996 1745
3997 2824
3998 2972
3999 3181
4000 4731
4001 4217
4002 997
4003 3619
4004 686
4005 56
4006 302
4007 1047
4008 3998
4009 4951
4010 1227
4011 516
4012 4089
4013 2020
4014 1813
4015 4970
4016 1902
4017 1475
4018 4755
4019 1445
4020 112
4021 2719
4022 1263
4023 154
4024 1444
4025 4771
4026 1200
4027 3828
4028 1510
4029 2317
4030 3213
4031 30
4032 509
4033 4151
4034 1224
4035 4000
4036 1749
4037 2263
4038 4568
4039 4026
4040 4420
4041 3402
4042 3257
4043 227
4044 3240
4045 488
4046 2368
4047 1131
4048 3623
4049 3852
4050 267
4051 399
4052 2779
4053 1934
4054 4485
4055 3578
4056 4729
4057 2720
4058 1354
4059 1837
4060 563
4061 892
4062 1126
4063 1198
4064 4393
4065 1404
4066 4213
4067 1912
4068 359
4069 2946
4070 1319
4071 3282
4072 1741
4073 4561
4074 739
4075 4402
4076 4686
4077 480
4078 4779
4079 998
4080 1327
4081 2118
4082 4323
4083 2806
4084 97
4085 2036
4086 823
4087 4691
4088 4837
4089 2601
4090 3609
4091 3019
4092 3928
4093 2019
4094 2236
4095 1624
4096 1016
4097 2396
4098 3762
4099 4097
4100 83
4101 3485
4102 3253
4103 993
4104 4538
4105 1827
4106 2519
4107 2028
4108 2731
4109 3047
4110 2071
4111 4253
4112 795
4113 192
4114 4569
4115 2711
4116 2994
4117 3121
4118 4542
4119 108
4120 4826
4121 3107
4122 4042
4123 1577
4124 4980
4125 3041
4126 1959
4127 4696
4128 3853
4129 1820
4130 1137
4131 3557
4132 3763
4133 1786
4134 2108
4135 3813
4136 4161
4137 354
4138 190
4139 3325
4140 4145
4141 1315
4142 3975
4143 229
4144 4278
4145 2607
4146 2694
4147 2010
4148 315
4149 785
4150 2788
4151 409
4152 2687
4153 2798
4154 81
4155 2827
4156 2736
4157 3135
4158 3289
4159 1216
4160 4545
4161 3889
4162 2283
4163 4303
4164 4870
4165 1800
4166 405
4167 3412
4168 3124
4169 4843
4170 4365
4171 1062
4172 3578
4173 1560
4174 2728
4175 6
4176 2948
4177 3870
4178 4761
4179 3330
4180 3308
4181 3776
4182 458
4183 3794
4184 2859
4185 1029
4186 4904
4187 2634
4188 397
4189 2509
4190 724
4191 4627
4192 3468
4193 4811
4194 1282
4195 2358
4196 107
4197 4290
4198 4445
4199 3249
4200 4728
4201 3592
4202 2201
4203 3122
4204 227
4205 539
4206 135
4207 4755
4208 591
4209 4077
4210 2800
4211 4151
4212 1345
4213 2879
4214 1316
4215 994
4216 3983
4217 118
4218 3090
4219 3100
4220 134
4221 2862
4222 450
4223 2477
4224 1557
4225 1530
4226 68
4227 3004
4228 3262
4229 3850
4230 3548
4231 1612
4232 3957
4233 3796
4234 1174
4235 1311
4236 751
4237 4067
4238 869
4239 332
4240 3558
4241 768
4242 2642
4243 2184
4244 3903
4245 1060
4246 361
4247 1425
4248 2914
4249 3770
4250 2518
4251 4505
4252 4133
4253 4084
4254 1767
4255 4142
4256 3375
4257 1711
4258 4390
4259 4287
4260 308
4261 2167
4262 548
4263 899
4264 4601
4265 3090
4266 4101
4267 1429
4268 3433
4269 1849
4270 2030
4271 3125
4272 1955
4273 2038
4274 3004
4275 1998
4276 3790
4277 4856
4278 2447
4279 595
4280 4977
4281 1753
4282 2515
4283 3492
4284 1881
4285 2212
4286 4776
4287 4794
4288 1434
4289 4972
4290 1020
4291 1767
4292 758
4293 2539
4294 3535
4295 3144
4296 2647
4297 2353
4298 419
4299 4574
4300 3598
4301 3555
4302 3950
4303 2145
4304 2094
4305 903
4306 831
4307 2893
4308 1624
4309 2020
4310 2151
4311 3764
4312 478
4313 817
4314 3255
4315 2508
4316 3708
4317 3634
4318 4304
4319 622
4320 1769
4321 373
4322 1219
4323 4518
4324 265
4325 644
4326 3851
4327 1807
4328 910
4329 4750
4330 3705
4331 4714
4332 279
4333 1153
4334 2249
4335 2375
4336 187
4337 901
4338 2878
4339 3030
4340 1558
4341 408
4342 4889
4343 849
4344 2461
4345 1868
4346 1412
4347 494
4348 576
4349 544
4350 89
4351 300
4352 757
4353 152
4354 447
4355 2379
4356 4478
4357 1554
4358 330
4359 4804
4360 4916
4361 1034
4362 452
4363 2493
4364 4128
4365 2487
4366 1138
4367 4362
4368 2294
4369 2962
4370 3549
4371 4802
4372 3262
4373 3125
4374 4286
4375 2583
4376 718
4377 3391
4378 2057
4379 4816
4380 120
4381 2642
4382 3207
4383 2708
4384 3189
4385 4705
4386 4325
4387 4456
4388 4142
4389 3003
4390 4792
4391 3785
4392 38
4393 1092
4394 96
4395 303
4396 1586
4397 1106
4398 2979
4399 62
4400 518
4401 3511
4402 3984
4403 1464
4404 144
4405 4913
4406 795
4407 2920
4408 2048
4409 1125
4410 1807
4411 4465
4412 3937
4413 93
4414 3755
4415 903
4416 1591
4417 3827
4418 846
4419 3872
4420 1452
4421 4904
4422 3787
4423 4671
4424 4877
4425 1742
4426 1285
4427 3588
4428 292
4429 2341
4430 4086
4431 4935
4432 450
4433 3832
4434 2396
4435 9
4436 3835
4437 4796
4438 1560
4439 2693
4440 1765
4441 3981
4442 3224
4443 4485
4444 1129
4445 2730
4446 4780
4447 2335
4448 1797
4449 4194
4450 3838
4451 3769
4452 2652
4453 112
4454 1589
4455 4436
4456 900
4457 784
4458 4409
4459 3415
4460 755
4461 638
4462 1786
4463 1291
4464 4871
4465 678
4466 657
4467 291
4468 4909
4469 4968
4470 1544
4471 4522
4472 1457
4473 1219
4474 467
4475 1666
4476 3089
4477 505
4478 2463
4479 321
4480 4766
4481 3100
4482 2678
4483 4558
4484 1894
4485 1446
4486 4436
4487 4137
4488 3318
4489 2295
4490 369
4491 285
4492 4263
4493 3133
4494 2720
4495 2883
4496 3689
4497 3130
4498 2137
4499 403
4500 4868
4501 937
4502 886
4503 3973
4504 2994
4505 871
4506 1188
4507 1484
4508 4541
4509 197
4510 2544
4511 1762
4512 4659
4513 3442
4514 3250
4515 2421
4516 1334
4517 4953
4518 1025
4519 3197
4520 3226
4521 3176
4522 607
4523 4195
4524 2051
4525 4486
4526 2400
4527 751
4528 145
4529 710
4530 788
4531 3302
4532 4363
4533 2916
4534 3526
4535 1959
4536 3789
4537 4410
4538 4686
4539 1287
4540 836
4541 3364
4542 3010
4543 1112
4544 3155
4545 4955
4546 158
4547 4061
4548 2489
4549 4421
4550 4258
4551 4936
4552 982
4553 955
4554 3377
4555 952
4556 717
4557 2954
4558 1016
4559 321
4560 3252
4561 2737
4562 1483
4563 4687
4564 2675
4565 3465
4566 2074
4567 3405
4568 3306
4569 2677
4570 1301
4571 4734
4572 1483
4573 547
4574 3018
4575 601
4576 26
4577 1697
4578 190
4579 2701
4580 3838
4581 2154
4582 4228
4583 3358
4584 842
4585 2829
4586 1270
4587 4738
4588 3884
4589 2726
4590 491
4591 4743
4592 1495
4593 3943
4594 1601
4595 2122
4596 3444
4597 1382
4598 3921
4599 2149
4600 815
4601 3050
4602 3068
4603 2483
4604 4949
4605 1725
4606 3082
4607 1702
4608 4957
4609 786
4610 2027
4611 342
4612 4673
4613 981
4614 2471
4615 1177
4616 1847
4617 964
4618 4987
4619 1923
4620 118
4621 2498
4622 2785
4623 4492
4624 2777
4625 1326
4626 3866
4627 415
4628 1642
4629 1844
4630 3617
4631 2103
4632 4407
4633 2871
4634 612
4635 4130
4636 4690
4637 3019
4638 1498
4639 2852
4640 617
4641 2383
4642 2208
4643 1255
4644 204
4645 2525
4646 2451
4647 4103
4648 4951
4649 4045
4650 3366
4651 1129
4652 2089
4653 304
4654 4453
4655 3210
4656 613
4657 2270
4658 435
4659 3242
4660 1804
4661 2801
4662 1480
4663 4658
4664 1249
4665 4117
4666 1303
4667 1399
4668 1446
4669 4647
4670 2031
4671 3422
4672 1981
4673 928
4674 2339
4675 1739
4676 2911
4677 1721
4678 1310
4679 1374
4680 1410
4681 70
4682 4657
4683 4539
4684 1993
4685 4594
4686 2451
4687 4801
4688 1579
4689 3895
4690 3230
4691 1022
4692 2505
4693 2614
4694 3470
4695 2343
4696 4094
4697 4320
4698 3650
4699 2578
4700 1780
4701 125
4702 2840
4703 3933
4704 1899
4705 2629
4706 2558
4707 1116
4708 144
4709 2581
4710 2855
4711 2537
4712 2414
4713 401
4714 4043
4715 467
4716 3208
4717 1565
4718 1187
4719 1774
4720 4007
4721 3677
4722 530
4723 46
4724 2086
4725 3951
4726 2305
4727 3732
4728 4037
4729 3746
4730 2953
4731 3209
4732 2870
4733 1723
4734 1662
4735 2533
4736 2922
4737 4192
4738 1242
4739 3990
4740 2981
4741 212
4742 1807
4743 480
4744 4968
4745 62
4746 2416
4747 2168
4748 3219
4749 3739
4750 833
4751 4842
4752 2933
4753 1299
4754 4805
4755 2852
4756 633
4757 3923
4758 4830
4759 4599
4760 4530
4761 3811
4762 3204
4763 3025
4764 3545
4765 2170
4766 2242
4767 2709
4768 367
4769 2807
4770 976
4771 3739
4772 1324
4773 4082
4774 4289
4775 716
4776 4031
4777 4282
4778 1401
4779 2902
4780 2773
4781 4790
4782 1876
4783 3761
4784 1289
4785 1769
4786 1802
4787 4849
4788 3205
4789 482
4790 634
4791 328
4792 1633
4793 1760
4794 231
4795 4141
4796 1576
4797 2609
4798 2011
4799 2263
4800 1646
4801 2389
4802 757
4803 2272
4804 256
4805 2533
4806 4573
4807 1913
4808 896
4809 1298
4810 4634
4811 2247
4812 1302
4813 626
4814 928
4815 4431
4816 2354
4817 4778
4818 888
4819 2196
4820 4310
4821 58
4822 1920
4823 4568
4824 530
4825 1585
4826 1105
4827 489
4828 2220
4829 1795
4830 1021
4831 3527
4832 1828
4833 1057
4834 4464
4835 1028
4836 2643
4837 3556
4838 3072
4839 2681
4840 2825
4841 1404
4842 281
4843 3662
4844 3583
4845 1718
4846 2775
4847 2236
4848 3448
4849 307
4850 1629
4851 923
4852 3633
4853 1451
4854 4620
4855 4143
4856 3282
4857 1201
4858 4783
4859 3510
4860 3005
4861 1558
4862 2124
4863 4835
4864 470
4865 4871
4866 561
4867 3226
4868 2984
4869 1799
4870 581
4871 4596
4872 3932
4873 2242
4874 4815
4875 3304
4876 2657
4877 1678
4878 3691
4879 1640
4880 879
4881 493
4882 1631
4883 2315
4884 3015
4885 976
4886 767
4887 206
4888 2841
4889 868
4890 4010
4891 4090
4892 4774
4893 3501
4894 2402
4895 3243
4896 4680
4897 2819
4898 3068
4899 2368
4900 2517
4901 1838
4902 3774
4903 1489
4904 2318
4905 355
4906 3040
4907 87
4908 3990
4909 2088
4910 986
4911 2032
4912 1138
4913 2734
4914 627
4915 4530
4916 4677
4917 3850
4918 2110
4919 649
4920 3303
4921 2863
4922 3468
4923 751
4924 3973
4925 1953
4926 846
4927 3498
4928 3445
4929 3052
4930 3766
4931 1990
4932 568
4933 2693
4934 1944
4935 4976
4936 3454
4937 3986
4938 4366
4939 1998
4940 891
4941 3580
4942 3816
4943 4822
4944 3346
4945 4053
4946 815
4947 479
4948 702
4949 1838
4950 4986
4951 3758
4952 1422
4953 2403
4954 4177
4955 4086
4956 1189
4957 3180
4958 2291
4959 3257
4960 3195
4961 368
4962 663
4963 1661
4964 2157
4965 3595
4966 4998
4967 1242
4968 4816
4969 2122
4970 335
4971 3659
4972 1177
4973 3162
4974 239
4975 1784
4976 2954
4977 1708
4978 3439
4979 1951
4980 3761
4981 2139
4982 1432
4983 3122
4984 4366
4985 4820
4986 4141
4987 2449
4988 945
4989 832
4990 2592
4991 4560
4992 4633
4993 4948
4994 2703
4995 4234
4996 1849
4997 1001
4998 2698
4999 4068
5000 1768
5001 4792
5002 3390
5003 141
5004 85
5005 2804
5006 517
5007 4650
5008 1680
5009 50
5010 1634
5011 4991
5012 4087
5013 2535
5014 1560
5015 3788
5016 3727
5017 3980
5018 251
5019 3896
5020 2736
5021 2651
5022 61
5023 1544
5024 799
5025 2342
5026 731
5027 4349
5028 3855
5029 1861
5030 159
5031 4120
5032 4692
5033 4618
5034 1905
5035 2031
5036 4440
5037 4260
5038 1678
5039 957
5040 3717
5041 3636
5042 4508
5043 1523
5044 2708
5045 2775
5046 2170
5047 4671
5048 778
5049 1960
5050 1433
5051 4369
5052 3321
5053 3424
5054 3138
5055 4418
5056 1394
5057 4702
5058 4703
5059 3184
5060 3388
5061 3137
5062 4585
5063 4477
5064 2381
5065 4613
5066 1458
5067 1738
5068 3071
5069 150
5070 3312
5071 1140
5072 3170
5073 1587
5074 2480
5075 2226
5076 920
5077 2224
5078 1622
5079 2210
5080 2985
5081 4967
5082 3045
5083 2139
5084 263
5085 4188
5086 4332
5087 4681
5088 3353
5089 3273
5090 2146
5091 4453
5092 4261
5093 2566
5094 3268
5095 2414
5096 1662
5097 2223
5098 2352
5099 1064
5100 3472
5101 1290
5102 4637
5103 1880
5104 2755
5105 3200
5106 3865
5107 664
5108 1020
5109 3747
5110 950
5111 275
5112 1762
5113 515
5114 2532
5115 3490
5116 1717
5117 2682
5118 395
5119 1590
5120 2662
5121 2120
5122 2875
5123 1660
5124 2744
5125 681
5126 2830
5127 2434
5128 3289
5129 4632
5130 3395
5131 13
5132 4720
5133 269
5134 2799
5135 691
5136 3749
5137 4809
5138 2715
5139 3655
5140 3276
5141 3858
5142 1234
5143 1324
5144 1482
5145 843
5146 1320
5147 4661
5148 2474
5149 52
5150 3753
5151 4884
5152 2435
5153 3121
5154 4950
5155 1599
5156 2665
5157 4070
5158 4712
5159 552
5160 4070
5161 306
5162 1921
5163 1854
5164 1639
5165 1279
5166 2427
5167 1775
5168 2181
5169 2893
5170 2904
5171 2907
5172 4161
5173 4104
5174 2218
5175 3810
5176 4736
5177 2592
5178 2968
5179 33
5180 1245
5181 3808
5182 193
5183 3747
5184 2229
5185 2197
5186 1892
5187 4105
5188 1760
5189 4904
5190 1925
5191 4825
5192 256
5193 1791
5194 62
5195 4439
5196 216
5197 1197
5198 1442
5199 3108
5200 1282
5201 3438
5202 3463
5203 2882
5204 827
5205 3714
5206 2173
5207 840
5208 3841
5209 2727
5210 2566
5211 1567
5212 4207
5213 2022
5214 2783
5215 2034
5216 3622
5217 1802
5218 1140
5219 3053
5220 4279
5221 1691
5222 2036
5223 2135
5224 2169
5225 4762
5226 2280
5227 2763
5228 4265
5229 1908
5230 3111
5231 4790
5232 178
5233 2548
5234 169
5235 4932
5236 1836
5237 3487
5238 4023
5239 80
5240 3599
5241 707
5242 2386
5243 4495
5244 4792
5245 3789
5246 2063
5247 4740
5248 2027
5249 4654
5250 3769
5251 3613
5252 4839
5253 1304
5254 1413
5255 1222
5256 92
5257 3320
5258 4133
5259 2776
5260 3342
5261 3889
5262 4351
5263 3639
5264 3840
5265 3302
5266 3383
5267 2669
5268 4133
5269 931
5270 2707
5271 4914
5272 306
5273 1911
5274 3783
5275 4254
5276 4722
5277 926
5278 2470
5279 715
5280 4769
5281 3722
5282 445
5283 749
5284 3521
5285 2239
5286 721
5287 1967
5288 1399
5289 1539
5290 2306
5291 1452
5292 1912
5293 1037
5294 289
5295 4031
5296 4277
5297 3870
5298 2133
5299 3596
5300 1276
5301 1660
5302 3799
5303 1850
5304 2010
5305 2310
5306 338
5307 4679
5308 1306
5309 928
5310 19
5311 1638
5312 405
5313 3464
5314 3643
5315 3968
5316 2229
5317 4136
5318 1662
5319 919
5320 3940
5321 1269
5322 881
5323 3096
5324 4762
5325 1746
5326 62
5327 3
5328 2986
5329 1866
5330 4455
5331 1975
5332 2914
5333 2033
5334 3378
5335 4179
5336 20
5337 4391
5338 2265
5339 2439
5340 975
5341 1173
5342 1235
5343 2236
5344 4294
5345 2307
5346 1108
5347 3323
5348 2289
5349 3544
5350 4969
5351 3086
5352 674
5353 1174
5354 3862
5355 1912
5356 3664
5357 1240
5358 3878
5359 3589
5360 4642
5361 4966
5362 3977
5363 2964
5364 513
5365 3045
5366 4143
5367 1879
5368 1667
5369 4325
5370 2055
5371 2727
5372 4074
5373 4373
5374 3335
5375 1753
5376 417
5377 1388
5378 561
5379 1665
5380 3302
5381 939
5382 4652
5383 4957
5384 553
5385 2042
5386 3954
5387 815
5388 296
5389 149
5390 1319
5391 4423
5392 2053
5393 2762
5394 2759
5395 2981
5396 4337
5397 468
5398 2785
5399 2775
5400 4308
5401 397
5402 1378
5403 1194
5404 903
5405 283
5406 654
5407 1670
5408 4453
5409 4534
5410 669
5411 3141
5412 3249
5413 3991
5414 3485
5415 3793
5416 657
5417 3321
5418 2580
5419 1495
5420 402
5421 4337
5422 895
5423 577
5424 2348
5425 4877
5426 375
5427 1341
5428 1669
5429 1246
5430 3600
5431 4946
5432 591
5433 2674
5434 4232
5435 2146
5436 4005
5437 3650
5438 2330
5439 4675
5440 3097
5441 4502
5442 3251
5443 2949
5444 4839
5445 2076
5446 4756
5447 3156
5448 4577
5449 925
5450 1162
5451 728
5452 4209
5453 987
5454 855
5455 658
5456 4429
5457 323
5458 4256
5459 3124
5460 1296
5461 1133
5462 3364
5463 381
5464 4959
5465 3927
5466 1343
5467 2974
5468 1706
5469 3421
5470 1234
5471 4883
5472 4630
5473 462
5474 1745
5475 3335
5476 3115
5477 2049
5478 255
5479 4690
5480 2048
5481 1281
5482 3641
5483 2944
5484 3092
5485 924
5486 1237
5487 2155
5488 2664
5489 3111
5490 1273
5491 3304
5492 4230
5493 3587
5494 2443
5495 4886
5496 1409
5497 1809
5498 812
5499 4847
5500 2909
5501 3193
5502 4150
5503 4303
5504 743
5505 1733
5506 914
5507 846
5508 4306
5509 257
5510 4518
5511 1153
5512 4833
5513 1621
5514 254
5515 4036
5516 2489
5517 2195
5518 2175
5519 1031
5520 1834
5521 4114
5522 573
5523 2127
5524 691
5525 4910
5526 2168
5527 4244
5528 2504
5529 2274
5530 16
5531 4649
5532 3127
5533 2924
5534 3203
5535 563
5536 4608
5537 2766
5538 2812
5539 4830
5540 928
5541 804
5542 326
5543 702
5544 3857
5545 1538
5546 2558
5547 1426
5548 1063
5549 4901
5550 3460
5551 2568
5552 3332
5553 4172
5554 2670
5555 1731
5556 3332
5557 640
5558 3451
5559 1618
5560 4629
5561 4250
5562 3761
5563 3170
5564 1780
5565 1878
5566 3544
5567 874
5568 199
5569 4383
5570 3995
5571 2188
5572 3138
5573 73
5574 438
5575 2423
5576 2594
5577 776
5578 4702
5579 379
5580 1124
5581 2276
5582 336
5583 3463
5584 2604
5585 3460
5586 4778
5587 4031
5588 1714
5589 3194
5590 1652
5591 1213
5592 4501
5593 562
5594 3673
5595 4538
5596 732
5597 2837
5598 2281
5599 2254
5600 2860
5601 1262
5602 3985
5603 3375
5604 1337
5605 2487
5606 593
5607 3115
5608 1694
5609 3286
5610 956
5611 1564
5612 287
5613 3011
5614 564
5615 172
5616 2852
5617 2091
5618 2401
5619 4835
5620 3040
5621 757
5622 2696
5623 3180
5624 1927
5625 107
5626 3855
5627 1917
5628 4079
5629 2550
5630 3653
5631 2996
5632 1134
5633 669
5634 4975
5635 4651
5636 22
5637 2530
5638 3749
5639 320
5640 4873
5641 2515
5642 4480
5643 4869
5644 4391
5645 4840
5646 2725
5647 3504
5648 4972
5649 1981
5650 2167
5651 4228
5652 4126
5653 2426
5654 448
5655 4772
5656 3815
5657 1274
5658 2783
5659 4436
5660 4193
5661 3441
5662 469
5663 388
5664 4824
5665 2447
5666 2799
5667 1580
5668 2885
5669 3009
5670 577
5671 1606
5672 1043
5673 2962
5674 2353
5675 4465
5676 1662
5677 4363
5678 773
5679 4467
5680 3760
5681 4958
5682 917
5683 3192
5684 4632
5685 4600
5686 321
5687 2756
5688 4428
5689 1617
5690 1458
5691 385
5692 4010
5693 1558
5694 1783
5695 4680
5696 4325
5697 248
5698 4141
5699 3783
5700 4173
5701 4575
5702 1203
5703 100
5704 2698
5705 2970
5706 1846
5707 119
5708 3132
5709 3131
5710 4846
5711 1363
5712 349
5713 2122
5714 1041
5715 1488
5716 1538
5717 3623
5718 4153
5719 2065
5720 1898
5721 3782
5722 2800
5723 1649
5724 570
5725 783
5726 1828
5727 4310
5728 1186
5729 4023
5730 4995
5731 940
5732 1284
5733 1488
5734 3205
5735 1271
5736 547
5737 3777
5738 2944
5739 4755
5740 4296
5741 4970
5742 3316
5743 3129
5744 911
5745 4455
5746 2066
5747 1775
5748 4875
5749 4675
5750 1320
5751 710
5752 982
5753 2674
5754 2304
5755 4397
5756 4807
5757 3283
5758 193
5759 2369
5760 4939
5761 3750
5762 378
5763 37
5764 3622
5765 3633
5766 849
5767 960
5768 4397
5769 4813
5770 2125
5771 3272
5772 3037
5773 4561
5774 1098
5775 3939
5776 1602
5777 4683
5778 3491
5779 4994
5780 4697
5781 1912
5782 1107
5783 933
5784 2071
5785 3884
5786 4936
5787 1022
5788 2589
5789 1214
5790 3259
5791 4319
5792 1162
5793 4430
5794 292
5795 3871
5796 2701
5797 4787
5798 591
5799 4662
5800 289
5801 248
5802 2378
5803 2605
5804 3782
5805 2274
5806 4207
5807 4042
5808 4759
5809 384
5810 3876
5811 1985
5812 4312
5813 4860
5814 1323
5815 1617
5816 1451
5817 3360
5818 3280
5819 3329
5820 2010
5821 4674
5822 1873
5823 1970
5824 810
5825 2311
5826 1940
5827 798
5828 3493
5829 2134
5830 2815
5831 3061
5832 3879
5833 1788
5834 4486
5835 3039
5836 2925
5837 239
5838 558
5839 1857
5840 1344
5841 3352
5842 1177
5843 1372
5844 4761
5845 1056
5846 3172
5847 1942
5848 2808
5849 3330
5850 1944
5851 1973
5852 1927
5853 911
5854 285
5855 3691
5856 778
5857 2381
5858 3179
5859 738
5860 2035
5861 2036
5862 4823
5863 3812
5864 73
5865 2727
5866 4543
5867 770
5868 484
5869 4683
5870 2028
5871 2324
5872 4640
5873 202
5874 4335
5875 3680
5876 541
5877 4939
5878 2372
5879 1293
5880 4989
5881 4476
5882 3204
5883 2147
5884 1752
5885 4773
5886 1324
5887 887
5888 727
5889 2100
5890 2240
5891 2421
5892 4282
5893 2046
5894 88
5895 4568
5896 3913
5897 3240
5898 2730
5899 1724
5900 3024
5901 4503
5902 2758
5903 1491
5904 203
5905 4235
5906 1109
5907 1721
5908 1586
5909 2992
5910 1519
5911 416
5912 1011
5913 4355
5914 3904
5915 522
5916 2491
5917 415
5918 2832
5919 713
5920 1152
5921 1387
5922 3687
5923 1891
5924 1205
5925 4173
5926 3737
5927 2270
5928 2705
5929 1935
5930 3343
5931 1613
5932 2817
5933 1099
5934 3710
5935 2365
5936 2052
5937 3547
5938 2169
5939 2210
5940 1493
5941 132
5942 3709
5943 3827
5944 3319
5945 2074
5946 3607
5947 3434
5948 4035
5949 4251
5950 343
5951 50
5952 2707
5953 3855
5954 627
5955 2256
5956 146
5957 4405
5958 4300
5959 3674
5960 4411
5961 3647
5962 1063
5963 2257
5964 3257
5965 4451
5966 3472
5967 2002
5968 116
5969 389
5970 1429
5971 3647
5972 2002
5973 2355
5974 2404
5975 3467
5976 297
5977 4210
5978 3996
5979 1325
5980 3699
5981 4160
5982 1012
5983 717
5984 1775
5985 4295
5986 3175
5987 4690
5988 2422
5989 3468
5990 1702
5991 2134
5992 2274
5993 3491
5994 3484
5995 4141
5996 527
5997 449
5998 314
5999 4856
6000 3934
6001 1776
6002 2632
6003 443
6004 3720
6005 625
6006 2552
6007 3613
6008 4022
6009 1986
6010 4518
6011 4426
6012 1014
6013 4938
6014 3801
6015 947
6016 2286
6017 2413
6018 3166
6019 683
6020 2176
6021 3848
6022 1504
6023 634
6024 708
6025 2153
6026 4884
6027 229
6028 1515
6029 4472
6030 493
6031 2368
6032 2599
6033 1350
6034 2192
6035 3292
6036 3100
6037 1016
6038 2952
6039 2029
6040 4277
6041 4693
6042 4290
6043 4702
6044 3763
6045 5
6046 903
6047 3106
6048 3793
6049 2814
6050 113
6051 543
6052 1479
6053 3056
6054 400
6055 1075
6056 2432
6057 2444
6058 1253
6059 1032
6060 2975
6061 1218
6062 2812
6063 3817
6064 954
6065 2489
6066 3277
6067 802
6068 670
6069 1105
6070 4876
6071 2380
6072 3809
6073 4361
6074 241
6075 4036
6076 277
6077 4354
6078 427
6079 2658
6080 791
6081 1238
6082 3424
6083 3143
6084 1683
6085 3144
6086 2957
6087 4798
6088 1847
6089 2096
6090 1564
6091 916
6092 1946
6093 780
6094 4418
6095 3411
6096 2037
6097 2667
6098 1148
6099 2366
6100 508
6101 2610
6102 1935
6103 2884
6104 4838
6105 1683
6106 1520
6107 3670
6108 2969
6109 3763
6110 328
6111 3389
6112 3287
6113 2046
6114 858
6115 1929
6116 1026
6117 1472
6118 4609
6119 4376
6120 4678
6121 2808
6122 299
6123 670
6124 2416
6125 979
6126 2867
6127 3632
6128 781
6129 4067
6130 4744
6131 2292
6132 972
6133 286
6134 1199
6135 1223
6136 1812
6137 3188
6138 137
6139 4893
6140 3129
6141 240
6142 3586
6143 3879
6144 3626
6145 1956
6146 3245
6147 2166
6148 3479
6149 2723
6150 901
6151 1640
6152 3854
6153 544
6154 1225
6155 1317
6156 3233
6157 941
6158 4424
6159 4834
6160 3959
6161 435
6162 4522
6163 178
6164 1675
6165 2065
6166 561
6167 699
6168 422
6169 4665
6170 2870
6171 976
6172 1959
6173 3735
6174 4640
6175 214
6176 4555
6177 24
6178 439
6179 4440
6180 3855
6181 2175
6182 2981
6183 1961
6184 1641
6185 2084
6186 2415
6187 4176
6188 2279
6189 926
6190 3620
6191 1081
6192 1376
6193 198
6194 1540
6195 2534
6196 1715
6197 446
6198 2359
6199 2638
6200 2856
6201 834
6202 4407
6203 367
6204 2868
6205 89
6206 2064
6207 4962
6208 3553
6209 3885
6210 3537
6211 4407
6212 4156
6213 211
6214 4346
6215 4788
6216 3025
6217 2819
6218 2525
6219 2181
6220 1875
6221 3408
6222 4055
6223 2249
6224 3322
6225 819
6226 2797
6227 667
6228 4151
6229 138
6230 3244
6231 52
6232 4310
6233 1269
6234 1753
6235 1124
6236 10
6237 240
6238 2502
6239 2391
6240 3394
6241 2235
6242 3337
6243 3800
6244 1179
6245 3089
6246 3829
6247 423
6248 352
6249 801
6250 3318
6251 2437
6252 453
6253 403
6254 461
6255 2366
6256 4265
6257 4411
6258 2818
6259 4795
6260 1731
6261 1953
6262 297
6263 2546
6264 747
6265 2573
6266 4872
6267 1606
6268 3073
6269 678
6270 845
6271 4940
6272 3973
6273 3566
6274 50
6275 2673
6276 369
6277 4957
6278 4849
6279 3059
6280 4204
6281 2037
6282 3437
6283 41
6284 468
6285 2049
6286 1999
6287 4210
6288 2795
6289 4594
6290 1493
6291 4434
6292 3869
6293 2944
6294 3396
6295 2469
6296 2903
6297 1796
6298 3593
6299 2410
6300 3319
6301 147
6302 1666
6303 934
6304 378
6305 1155
6306 4266
6307 2907
6308 916
6309 1124
6310 900
6311 59
6312 537
6313 2043
6314 3431
6315 3138
6316 2563
6317 1435
6318 1821
6319 149
6320 2824
6321 4608
6322 3161
6323 17
6324 4874
6325 2800
6326 3837
6327 2331
6328 1550
6329 1114
6330 754
6331 4561
6332 878
6333 2600
6334 1896
6335 3561
6336 2207
6337 4295
6338 4159
6339 2958
6340 2117
6341 2569
6342 2296
6343 2489
6344 4065
6345 3633
6346 2030
6347 4243
6348 987
6349 680
6350 2872
6351 4241
6352 1033
6353 1672
6354 1950
6355 774
6356 3427
6357 1486
6358 4201
6359 3450
6360 4002
6361 3749
6362 1606
6363 3951
6364 3282
6365 1404
6366 4758
6367 1085
6368 4144
6369 783
6370 3956
6371 3858
6372 967
6373 1714
6374 4164
6375 1899
6376 2891
6377 978
6378 3667
6379 2795
6380 256
6381 3262
6382 4946
6383 576
6384 563
6385 2593
6386 3361
6387 3854
6388 3306
6389 3134
6390 4470
6391 869
6392 1873
6393 1140
6394 4458
6395 2023
6396 260
6397 4793
6398 4946
6399 3320
6400 2777
6401 653
6402 3643
6403 1470
6404 1023
6405 4438
6406 685
6407 3361
6408 4393
6409 4894
6410 2253
6411 3978
6412 3070
6413 2597
6414 2996
6415 2871
6416 966
6417 630
6418 2108
6419 4705
6420 368
6421 1188
6422 4399
6423 4504
6424 88
6425 1369
6426 2580
6427 2716
6428 4775
6429 2572
6430 57
6431 4346
6432 4670
6433 1166
6434 4931
6435 4983
6436 2498
6437 3346
6438 591
6439 4741
6440 2359
6441 4395
6442 1203
6443 3783
6444 4478
6445 1869
6446 1682
6447 316
6448 4400
6449 3602
6450 1202
6451 3697
6452 772
6453 4789
6454 2131
6455 1558
6456 2142
6457 3831
6458 2352
6459 650
6460 315
6461 4073
6462 3269
6463 1485
6464 686
6465 3039
6466 3467
6467 1667
6468 3618
6469 2280
6470 3904
6471 2241
6472 367
6473 4489
6474 4711
6475 316
6476 2292
6477 106
6478 1185
6479 4665
6480 3074
6481 3249
6482 2289
6483 4001
6484 461
6485 1425
6486 4067
6487 175
6488 1608
6489 160
6490 2660
6491 562
6492 4435
6493 2355
6494 2276
6495 514
6496 1557
6497 2935
6498 2295
6499 2873
6500 3223
6501 2092
6502 4932
6503 2175
6504 1423
6505 229
6506 270
6507 1370
6508 3756
6509 4515
6510 4254
6511 3585
6512 2948
6513 840
6514 2239
6515 710
6516 886
6517 815
6518 983
6519 4350
6520 4892
6521 1400
6522 551
6523 3001
6524 3543
6525 4664
6526 4463
6527 2138
6528 4704
6529 2198
6530 1567
6531 1285
6532 4620
6533 2657
6534 1514
6535 4006
6536 3839
6537 2005
6538 2453
6539 3232
6540 3455
6541 4055
6542 4521
6543 250
6544 3675
6545 4038
6546 980
6547 1222
6548 984
6549 57
6550 401
6551 82
6552 249
6553 1426
6554 3126
6555 1259
6556 3943
6557 4131
6558 3344
6559 4708
6560 2310
6561 1835
6562 4508
6563 4416
6564 685
6565 1140
6566 505
6567 4623
6568 3375
6569 2098
6570 2929
6571 749
6572 2483
6573 4268
6574 1048
6575 4184
6576 4797
6577 6
6578 584
6579 1858
6580 409
6581 13
6582 200
6583 2785
6584 3038
6585 1622
6586 695
6587 4565
6588 4126
6589 2732
6590 1234
6591 3195
6592 642
6593 3756
6594 4624
6595 4368
6596 216
6597 1514
6598 4530
6599 3877
6600 1616
6601 2473
6602 1747
6603 3641
6604 3861
6605 3363
6606 4140
6607 3355
6608 3197
6609 4770
6610 609
6611 746
6612 4003
6613 2956
6614 3495
6615 942
6616 2229
6617 1799
6618 1173
6619 2522
6620 3305
6621 485
6622 3187
6623 4403
6624 621
6625 3256
6626 4170
6627 3825
6628 534
6629 324
6630 4969
6631 1363
6632 608
6633 3829
6634 4852
6635 4065
6636 4196
6637 4535
6638 2394
6639 2523
6640 1789
6641 3829
6642 4681
6643 1940
6644 2532
6645 1460
6646 4745
6647 1016
6648 3164
6649 2369
6650 732
6651 795
6652 1212
6653 912
6654 2174
6655 3446
6656 4641
6657 2750
6658 3853
6659 3306
6660 1341
6661 3708
6662 1204
6663 4450
6664 3742
6665 899
6666 2865
6667 428
6668 1601
6669 4554
6670 1010
6671 2834
6672 4469
6673 4012
6674 3333
6675 801
6676 4655
6677 3541
6678 2126
6679 3604
6680 1567
6681 2770
6682 697
6683 3049
6684 4132
6685 2737
6686 511
6687 1460
6688 4647
6689 1763
6690 3803
6691 4669
6692 4813
6693 657
6694 1112
6695 2564
6696 2887
6697 3994
6698 1106
6699 2451
6700 4857
6701 3590
6702 1344
6703 2660
6704 2306
6705 1594
6706 3091
6707 620
6708 158
6709 4048
6710 1150
6711 847
6712 3801
6713 1136
6714 699
6715 4138
6716 2196
6717 2843
6718 2545
6719 4581
6720 1448
6721 3159
6722 779
6723 857
6724 1963
6725 2539
6726 2804
6727 2724
6728 1777
6729 1802
6730 865
6731 2481
6732 3830
6733 1289
6734 1713
6735 4702
6736 995
6737 1653
6738 1814
6739 496
6740 4428
6741 2306
6742 4531
6743 83
6744 3375
6745 222
6746 3073
6747 4543
6748 2920
6749 475
6750 3580
6751 4157
6752 294
6753 632
6754 1631
6755 1905
6756 236
6757 3861
6758 2626
6759 1318
6760 640
6761 437
6762 1932
6763 3056
6764 1135
6765 4109
6766 4455
6767 4326
6768 4547
6769 3681
6770 274
6771 4458
6772 4182
6773 1009
6774 3303
6775 3760
6776 3706
6777 4575
6778 3504
6779 1063
6780 998
6781 2697
6782 59
6783 3224
6784 2697
6785 2435
6786 3018
6787 2186
6788 2364
6789 4285
6790 4395
6791 2139
6792 2083
6793 3736
6794 1367
6795 718
6796 51
6797 3894
6798 4228
6799 4165
6800 240
6801 3442
6802 2
6803 1849
6804 4444
6805 1356
6806 4190
6807 587
6808 2129
6809 3960
6810 2934
6811 3750
6812 4336
6813 1089
6814 998
6815 4221
6816 4498
6817 1373
6818 2362
6819 3913
6820 1470
6821 1898
6822 4895
6823 667
6824 3229
6825 4808
6826 3528
6827 1078
6828 3688
6829 2703
6830 2572
6831 4959
6832 4812
6833 1086
6834 2367
6835 3941
6836 1772
6837 4449
6838 3224
6839 2947
6840 151
6841 3028
6842 705
6843 4098
6844 1348
6845 4711
6846 661
6847 2964
6848 194
6849 1033
6850 63
6851 1891
6852 2418
6853 2728
6854 621
6855 4601
6856 4099
6857 3829
6858 1341
6859 124
6860 397
6861 3892
6862 3709
6863 2651
6864 1909
6865 510
6866 3917
6867 1823
6868 3738
6869 3932
6870 610
6871 550
6872 4961
6873 2243
6874 3960
6875 4486
6876 4494
6877 4297
6878 2494
6879 3860
6880 3505
6881 3270
6882 2965
6883 4519
6884 4417
6885 1505
6886 771
6887 639
6888 2243
6889 2093
6890 3828
6891 1793
6892 442
6893 4442
6894 1605
6895 1734
6896 780
6897 4964
6898 2967
6899 515
6900 4652
6901 4880
6902 1848
6903 343
6904 2193
6905 54
6906 3293
6907 3859
6908 68
6909 2719
6910 4306
6911 1385
6912 4196
6913 1945
6914 4062
6915 1038
6916 4874
6917 3688
6918 1488
6919 2515
6920 3627
6921 2310
6922 4882
6923 1777
6924 3911
6925 3537
6926 3269
6927 4842
6928 1227
6929 3913
6930 2431
6931 4355
6932 2541
6933 3947
6934 101
6935 2665
6936 4931
6937 1315
6938 4650
6939 4672
6940 4240
6941 1681
6942 4698
6943 2793
6944 1152
6945 2907
6946 3461
6947 34
6948 4494
6949 3720
6950 1357
6951 276
6952 4767
6953 148
6954 3287
6955 2591
6956 4878
6957 2393
6958 3315
6959 3598
6960 4794
6961 1149
6962 3914
6963 3616
6964 2379
6965 749
6966 4808
6967 3656
6968 3967
6969 1963
6970 2474
6971 1077
6972 346
6973 4681
6974 744
6975 2097
6976 1693
6977 230
6978 598
6979 4190
6980 3637
6981 4555
6982 3143
6983 819
6984 1112
6985 2040
6986 3997
6987 4884
6988 1825
6989 341
6990 4761
6991 704
6992 2222
6993 4151
6994 3045
6995 2387
6996 561
6997 515
6998 1561
6999 3912
7000 4312
7001 4936
7002 4110
7003 3362
7004 2430
7005 1213
7006 1925
7007 280
7008 2150
7009 3700
7010 2694
7011 1282
7012 4916
7013 3416
7014 1788
7015 4668
7016 1674
7017 4225
7018 658
7019 2
7020 4304
7021 2150
7022 1091
7023 3294
7024 2139
7025 4693
7026 1068
7027 2699
7028 631
7029 2970
7030 3213
7031 3396
7032 2956
7033 2348
7034 448
7035 3637
7036 28
7037 2218
7038 302
7039 1770
7040 4687
7041 2546
7042 4472
7043 1437
7044 2051
7045 3817
7046 3654
7047 4011
7048 4921
7049 3048
7050 4382
7051 3806
7052 848
7053 1611
7054 4557
7055 2520
7056 1009
7057 707
7058 2675
7059 4899
7060 262
7061 2484
7062 2256
7063 2592
7064 2874
7065 3913
7066 2830
7067 2776
7068 4215
7069 1792
7070 1957
7071 2157
7072 366
7073 430
7074 4116
7075 630
7076 4974
7077 3830
7078 2015
7079 1981
7080 899
7081 1508
7082 3774
7083 1729
7084 3144
7085 1362
7086 735
7087 4401
7088 4326
7089 4394
7090 96
7091 4275
7092 4481
7093 4457
7094 4432
7095 4913
7096 3283
7097 1615
7098 1192
7099 3603
7100 4890
7101 139
7102 4662
7103 2163
7104 3476
7105 1679
7106 485
7107 433
7108 1178
7109 597
7110 3797
7111 3185
7112 4628
7113 2056
7114 1205
7115 96
7116 1440
7117 3973
7118 4332
7119 1918
7120 4065
7121 1579
7122 3432
7123 3936
7124 149
7125 2966
7126 3603
7127 357
7128 1158
7129 632
7130 3469
7131 331
7132 4319
7133 2773
7134 1822
7135 2863
7136 2099
7137 3772
7138 1572
7139 4022
7140 3322
7141 1100
7142 2580
7143 490
7144 724
7145 642
7146 334
7147 3682
7148 1216
7149 4268
7150 1240
7151 3358
7152 2371
7153 2328
7154 2247
7155 3935
7156 1686
7157 4653
7158 2872
7159 418
7160 3984
7161 1512
7162 1241
7163 4252
7164 1924
7165 975
7166 2644
7167 2155
7168 4934
7169 1075
7170 4219
7171 3421
7172 3080
7173 4177
7174 2831
7175 3056
7176 4292
7177 2014
7178 4886
7179 4527
7180 1097
7181 2909
7182 1843
7183 1908
7184 1514
7185 2804
7186 3401
7187 1645
7188 3048
7189 3868
7190 1947
7191 4240
7192 3767
7193 3590
7194 1633
7195 673
7196 323
7197 3496
7198 3577
7199 2475
7200 4368
7201 4828
7202 76
7203 3009
7204 1251
7205 3789
7206 404
7207 612
7208 3056
7209 1265
7210 3677
7211 2003
7212 2015
7213 1225
7214 573
7215 1500
7216 78
7217 3381
7218 138
7219 3386
7220 959
7221 4061
7222 763
7223 1025
7224 2293
7225 4665
7226 467
7227 2105
7228 2619
7229 4510
7230 986
7231 4776
7232 794
7233 4375
7234 2816
7235 4266
7236 4101
7237 3535
7238 4280
7239 3997
7240 742
7241 1631
7242 1882
7243 4123
7244 2631
7245 2287
7246 1713
7247 3906
7248 410
7249 2998
7250 2424
7251 2302
7252 4384
7253 424
7254 4347
7255 3690
7256 2638
7257 1923
7258 1658
7259 2705
7260 942
7261 2820
7262 88
7263 3737
7264 3187
7265 4657
7266 1594
7267 1779
7268 976
7269 2420
7270 4563
7271 1934
7272 1713
7273 3538
7274 3569
7275 106
7276 992
7277 3242
7278 1456
7279 2085
7280 2317
7281 4777
7282 3532
7283 2483
7284 259
7285 3779
7286 3938
7287 3775
7288 1923
7289 4107
7290 2865
7291 3958
7292 1239
7293 2311
7294 128
7295 4241
7296 925
7297 4940
7298 762
7299 488
7300 3146
7301 1873
7302 1720
7303 4068
7304 1853
7305 4903
7306 463
7307 4191
7308 2452
7309 3890
7310 1209
7311 4772
7312 3013
7313 2878
7314 2882
7315 4346
7316 467
7317 725
7318 4355
7319 2599
7320 327
7321 4941
7322 2391
7323 1622
7324 4313
7325 3654
7326 813
7327 4091
7328 1854
7329 3807
7330 826
7331 4191
7332 3914
7333 4009
7334 2075
7335 245
7336 701
7337 2678
7338 1981
7339 699
7340 3836
7341 1512
7342 2148
7343 2329
7344 3312
7345 614
7346 123
7347 1256
7348 66
7349 26
7350 2614
7351 3669
7352 1346
7353 2806
7354 2330
7355 3912
7356 3110
7357 2260
7358 4990
7359 2979
7360 1617
7361 388
7362 665
7363 293
7364 4965
7365 1151
7366 4553
7367 1047
7368 4832
7369 651
7370 1497
7371 351
7372 3851
7373 1950
7374 1026
7375 3836
7376 76
7377 4804
7378 476
7379 2407
7380 1770
7381 253
7382 2797
7383 1335
7384 3295
7385 1658
7386 2969
7387 941
7388 1267
7389 2485
7390 2580
7391 2710
7392 4223
7393 1848
7394 986
7395 805
7396 3969
7397 1591
7398 3674
7399 4570
7400 2496
7401 3489
7402 3872
7403 2823
7404 4756
7405 1937
7406 2225
7407 436
7408 4914
7409 1392
7410 1314
7411 1944
7412 1668
7413 3677
7414 2170
7415 701
7416 2075
7417 3203
7418 3438
7419 406
7420 2895
7421 3085
7422 756
7423 3665
7424 3864
7425 2121
7426 4041
7427 4600
7428 3434
7429 1614
7430 3793
7431 4461
7432 4496
7433 2044
7434 4228
7435 569
7436 275
7437 2677
7438 1065
7439 4933
7440 4122
7441 2300
7442 6
7443 4341
7444 1212
7445 1409
7446 3554
7447 3776
7448 179
7449 321
7450 3606
7451 4531
7452 3622
7453 3916
7454 374
7455 2527
7456 2992
7457 1897
7458 4586
7459 911
7460 808
7461 3757
7462 4596
7463 4198
7464 1327
7465 4892
7466 2970
7467 3878
7468 4761
7469 4669
7470 3360
7471 2630
7472 4887
7473 3545
7474 2998
7475 1026
7476 436
7477 4793
7478 3936
7479 1887
7480 1948
7481 1738
7482 2233
7483 3250
7484 2880
7485 3893
7486 3654
7487 1249
7488 1637
7489 4858
7490 2092
7491 4080
7492 4833
7493 1329
7494 2844
7495 2620
7496 1557
7497 1138
7498 2062
7499 2189
7500 3615
7501 3792
7502 1220
7503 3432
7504 2727
7505 4593
7506 1154
7507 3258
7508 2438
7509 3047
7510 4346
7511 4335
7512 83
7513 2946
7514 1369
7515 3648
7516 2452
7517 190
7518 3111
7519 2270
7520 2981
7521 159
7522 4212
7523 4564
7524 3145
7525 4179
7526 362
7527 714
7528 1458
7529 4458
7530 2552
7531 1656
7532 4945
7533 3631
7534 109
7535 183
7536 190
7537 3973
7538 1342
7539 1252
7540 4109
7541 2153
7542 967
7543 3299
7544 3402
7545 3381
7546 2001
7547 650
7548 1253
7549 3698
7550 1736
7551 4990
7552 176
7553 1167
7554 1487
7555 1180
7556 1130
7557 711
7558 3285
7559 4643
7560 897
7561 3401
7562 3344
7563 3961
7564 2486
7565 4058
7566 2151
7567 3268
7568 1801
7569 1138
7570 4268
7571 4556
7572 3103
7573 2
7574 2509
7575 4997
7576 852
7577 4843
7578 958
7579 3960
7580 1377
7581 726
7582 4424
7583 3488
7584 4417
7585 448
7586 3311
7587 4612
7588 2024
7589 1149
7590 2552
7591 32
7592 464
7593 2935
7594 1226
7595 1374
7596 4763
7597 1057
7598 686
7599 1450
7600 256
7601 4572
7602 3567
7603 3675
7604 1074
7605 2783
7606 3826
7607 2092
7608 1763
7609 1168
7610 4055
7611 1247
7612 384
7613 956
7614 661
7615 489
7616 4264
7617 996
7618 143
7619 2157
7620 3265
7621 2057
7622 648
7623 2495
7624 4857
7625 2247
7626 2141
7627 3073
7628 505
7629 2809
7630 1074
7631 3973
7632 3870
7633 1154
7634 1137
7635 2950
7636 3148
7637 2626
7638 780
7639 2349
7640 2361
7641 4153
7642 495
7643 2585
7644 4841
7645 1647
7646 3445
7647 2587
7648 1210
7649 3725
7650 1969
7651 3730
7652 4097
7653 2103
7654 4595
7655 4423
7656 2518
7657 3788
7658 3714
7659 2702
7660 313
7661 2017
7662 2751
7663 3900
7664 273
7665 1766
7666 3727
7667 4681
7668 3650
7669 1491
7670 1367
7671 3540
7672 3521
7673 728
7674 3516
7675 1142
7676 110
7677 3091
7678 4476
7679 1714
7680 1508
7681 1202
7682 3011
7683 4112
7684 4423
7685 4078
7686 200
7687 3013
7688 1513
7689 3570
7690 4023
7691 2187
7692 4574
7693 4486
7694 2536
7695 2709
7696 1356
7697 3154
7698 776
7699 4504
7700 3086
7701 1314
7702 3077
7703 4608
7704 4786
7705 1377
7706 2296
7707 117
7708 1393
7709 314
7710 581
7711 2859
7712 4237
7713 2629
7714 2692
7715 1451
7716 4907
7717 3157
7718 2544
7719 4550
7720 1670
7721 2719
7722 1628
7723 1797
7724 2623
7725 3952
7726 4184
7727 1143
7728 4467
7729 1039
7730 3495
7731 3019
7732 1365
7733 394
7734 1517
7735 3064
7736 4614
7737 4815
7738 94
7739 930
7740 1014
7741 1033
7742 1398
7743 3037
7744 626
7745 84
7746 2849
7747 2015
7748 3324
7749 1426
7750 2726
7751 4942
7752 2958
7753 269
7754 1843
7755 1462
7756 3162
7757 3163
7758 4197
7759 1296
7760 4859
7761 4475
7762 209
7763 3663
7764 2281
7765 1038
7766 278
7767 3655
7768 1895
7769 3906
7770 3658
7771 2659
7772 1969
7773 4857
7774 3302
7775 1512
7776 4624
7777 1004
7778 1191
7779 1193
7780 2169
7781 3636
7782 858
7783 1498
7784 127
7785 2208
7786 4260
7787 3332
7788 924
7789 1204
7790 3873
7791 4966
7792 4383
7793 1463
7794 2940
7795 1838
7796 4239
7797 3452
7798 2053
7799 3264
7800 3708
7801 2841
7802 3869
7803 2731
7804 2706
7805 3744
7806 4592
7807 1263
7808 4723
7809 1917
7810 1012
7811 743
7812 2500
7813 4230
7814 308
7815 964
7816 3585
7817 1783
7818 1523
7819 594
7820 4587
7821 2080
7822 2616
7823 3246
7824 1437
7825 810
7826 247
7827 285
7828 2231
7829 880
7830 1006
7831 2069
7832 4325
7833 555
7834 2641
7835 3857
7836 3172
7837 3703
7838 1917
7839 1705
7840 2027
7841 3433
7842 2156
7843 2297
7844 4051
7845 605
7846 3188
7847 3802
7848 1536
7849 1039
7850 4354
7851 2530
7852 939
7853 4545
7854 2491
7855 2365
7856 2163
7857 235
7858 1310
7859 711
7860 1067
7861 999
7862 1388
7863 951
7864 478
7865 405
7866 1073
7867 2223
7868 2103
7869 2751
7870 2957
7871 2660
7872 4575
7873 1477
7874 3226
7875 2107
7876 1576
7877 2627
7878 2106
7879 4727
7880 3365
7881 3624
7882 2827
7883 839
7884 294
7885 3178
7886 4027
7887 791
7888 2890
7889 738
7890 1269
7891 1667
7892 4848
7893 3559
7894 2408
7895 151
7896 2862
7897 1090
7898 3845
7899 1927
7900 557
7901 112
7902 356
7903 4575
7904 2911
7905 4772
7906 46
7907 2051
7908 2457
7909 3401
7910 3152
7911 4483
7912 4267
7913 3832
7914 3893
7915 2193
7916 3158
7917 714
7918 3277
7919 2570
7920 3833
7921 2203
7922 2812
7923 2671
7924 2697
7925 4275
7926 4349
7927 4178
7928 3893
7929 3825
7930 4869
7931 669
7932 1714
7933 1678
7934 1902
7935 4993
7936 1907
7937 3578
7938 375
7939 1883
7940 552
7941 1288
7942 144
7943 2881
7944 1133
7945 1904
7946 151
7947 2052
7948 3140
7949 1623
7950 120
7951 1921
7952 4039
7953 260
7954 4008
7955 4585
7956 737
7957 4966
7958 937
7959 2962
7960 1723
7961 765
7962 4192
7963 1689
7964 1907
7965 1705
7966 1956
7967 1272
7968 3833
7969 4675
7970 4864
7971 2729
7972 1304
7973 3166
7974 121
7975 3077
7976 4688
7977 575
7978 4878
7979 4732
7980 1122
7981 1941
7982 2820
7983 4082
7984 2580
7985 4399
7986 2396
7987 1240
7988 315
7989 4953
7990 2959
7991 4269
7992 491
7993 4672
7994 1137
7995 1953
7996 2919
7997 775
7998 4133
7999 4554
8000 2679
8001 2599
8002 4276
8003 1846
8004 3085
8005 3955
8006 84
8007 2107
8008 2866
8009 2870
8010 3298
8011 4713
8012 671
8013 346
8014 3828
8015 2406
8016 1006
8017 2324
8018 325
8019 2316
8020 2483
8021 3693
8022 3131
8023 2351
8024 1840
8025 4848
8026 3710
8027 1596
8028 518
8029 4995
8030 235
8031 4988
8032 4725
8033 2130
8034 2940
8035 3616
8036 4807
8037 2376
8038 4995
8039 2666
8040 453
8041 1154
8042 111
8043 4204
8044 4706
8045 486
8046 1840
8047 1702
8048 2034
8049 570
8050 1534
8051 2463
8052 3723
8053 4676
8054 2219
8055 2856
8056 2667
8057 4297
8058 4248
8059 4606
8060 4250
8061 1452
8062 429
8063 3194
8064 363
8065 2020
8066 3468
8067 1800
8068 4769
8069 2971
8070 2013
8071 1145
8072 4964
8073 2432
8074 3262
8075 1958
8076 3409
8077 4564
8078 103
8079 2834
8080 4500
8081 1358
8082 3996
8083 1678
8084 2927
8085 564
8086 1400
8087 3986
8088 4138
8089 3155
8090 1315
8091 768
8092 3478
8093 4920
8094 4679
8095 2988
8096 2171
8097 4988
8098 2713
8099 3041
8100 761
8101 4371
8102 991
8103 1909
8104 3780
8105 4889
8106 3973
8107 3335
8108 3396
8109 3162
8110 968
8111 3563
8112 4551
8113 711
8114 4001
8115 1934
8116 4622
8117 4584
8118 889
8119 3903
8120 1947
8121 3362
8122 2853
8123 3844
8124 4672
8125 810
8126 426
8127 349
8128 4228
8129 3948
8130 3986
8131 1610
8132 1417
8133 3809
8134 1220
8135 2832
8136 2532
8137 697
8138 3010
8139 1615
8140 3127
8141 1322
8142 1698
8143 641
8144 3094
8145 2806
8146 1493
8147 53
8148 3449
8149 3169
8150 4800
8151 4387
8152 2819
8153 4582
8154 585
8155 1020
8156 4950
8157 4376
8158 1521
8159 3642
8160 2691
8161 4497
8162 512
8163 410
8164 3818
8165 2889
8166 4420
8167 2076
8168 4733
8169 56
8170 3211
8171 560
8172 4574
8173 874
8174 1524
8175 3160
8176 4491
8177 594
8178 1658
8179 1833
8180 4891
8181 4849
8182 2269
8183 743
8184 2276
8185 1378
8186 660
8187 3592
8188 1866
8189 1169
8190 3399
8191 82
8192 2616
8193 3651
8194 146
8195 3229
8196 2342
8197 4604
8198 3983
8199 1128
8200 2662
8201 1498
8202 3260
8203 3230
8204 1135
8205 4016
8206 4950
8207 2141
8208 1506
8209 2653
8210 2761
8211 2425
8212 2250
8213 393
8214 4819
8215 2957
8216 3639
8217 1633
8218 552
8219 3899
8220 4453
8221 3742
8222 4520
8223 3459
8224 1024
8225 4829
8226 1335
8227 3237
8228 3771
8229 1599
8230 468
8231 4076
8232 4501
8233 3429
8234 2711
8235 2046
8236 1798
8237 3144
8238 1306
8239 1383
8240 1502
8241 1302
8242 232
8243 2955
8244 4873
8245 4201
8246 4981
8247 3106
8248 3295
8249 1227
8250 2214
8251 3520
8252 509
8253 4603
8254 4041
8255 3104
8256 1230
8257 4090
8258 328
8259 2737
8260 3639
8261 688
8262 3343
8263 3148
8264 2715
8265 1929
8266 3264
8267 102
8268 1558
8269 1928
8270 560
8271 4556
8272 3885
8273 1959
8274 2003
8275 3406
8276 2633
8277 1946
8278 1158
8279 4012
8280 2195
8281 4954
8282 1473
8283 2706
8284 141
8285 418
8286 749
8287 4112
8288 3406
8289 2616
8290 4636
8291 4170
8292 3837
8293 3624
8294 3978
8295 488
8296 3685
8297 4801
8298 1288
8299 3730
8300 3082
8301 2646
8302 366
8303 3547
8304 3801
8305 3754
8306 97
8307 1740
8308 1651
8309 4465
8310 3748
8311 4151
8312 3623
8313 3701
8314 3682
8315 1074
8316 554
8317 2469
8318 3244
8319 3809
8320 1409
8321 448
8322 2750
8323 2364
8324 1464
8325 4114
8326 4890
8327 1195
8328 3598
8329 1870
8330 1593
8331 1313
8332 4621
8333 4757
8334 4375
8335 3052
8336 2086
8337 1389
8338 3461
8339 4273
8340 1282
8341 2899
8342 2510
8343 3811
8344 2200
8345 2864
8346 618
8347 4538
8348 2089
8349 3352
8350 1367
8351 4474
8352 850
8353 1476
8354 99
8355 3032
8356 3933
8357 1083
8358 234
8359 2597
8360 573
8361 1525
8362 2460
8363 3347
8364 4179
8365 4737
8366 1789
8367 1424
8368 1455
8369 3246
8370 2056
8371 2305
8372 2333
8373 88
8374 179
8375 2498
8376 4142
8377 2028
8378 3631
8379 3504
8380 514
8381 4939
8382 3884
8383 2307
8384 3414
8385 4665
8386 1259
8387 2527
8388 319
8389 3195
8390 2545
8391 4790
8392 3050
8393 3524
8394 1910
8395 3757
8396 4925
8397 2150
8398 3168
8399 2765
8400 3956
8401 749
8402 2194
8403 4992
8404 1547
8405 3210
8406 2341
8407 2593
8408 3770
8409 884
8410 3048
8411 2308
8412 568
8413 2573
8414 2410
8415 2649
8416 2432
8417 1549
8418 3423
8419 3843
8420 3963
8421 4615
8422 737
8423 2418
8424 4422
8425 3037
8426 234
8427 2459
8428 1862
8429 1986
8430 2482
8431 273
8432 4660
8433 3973
8434 3122
8435 3476
8436 2330
8437 2674
8438 3546
8439 4259
8440 1271
8441 1406
8442 3814
8443 4901
8444 743
8445 531
8446 1598
8447 1453
8448 4705
8449 4962
8450 1105
8451 3860
8452 1328
8453 2029
8454 4338
8455 2705
8456 3921
8457 946
8458 3760
8459 4175
8460 4735
8461 3232
8462 421
8463 835
8464 1612
8465 3509
8466 4863
8467 1257
8468 1724
8469 2259
8470 4677
8471 1600
8472 1702
8473 1272
8474 2399
8475 1788
8476 4332
8477 3722
8478 563
8479 3002
8480 3571
8481 4026
8482 2106
8483 1855
8484 2097
8485 2910
8486 3991
8487 4735
8488 3746
8489 392
8490 4886
8491 3492
8492 2204
8493 3707
8494 3948
8495 872
8496 2026
8497 3566
8498 2300
8499 820
8500 3640
8501 509
8502 1569
8503 68
8504 254
8505 3535
8506 4943
8507 3220
8508 1713
8509 643
8510 567
8511 3879
8512 3228
8513 383
8514 4724
8515 4244
8516 525
8517 35
8518 3190
8519 4990
8520 2454
8521 4574
8522 3345
8523 1183
8524 2253
8525 1139
8526 2105
8527 3436
8528 4727
8529 1341
8530 513
8531 1514
8532 3333
8533 3375
8534 4877
8535 118
8536 3756
8537 2550
8538 1659
8539 3630
8540 3895
8541 2583
8542 3948
8543 3189
8544 4306
8545 681
8546 1219
8547 586
8548 3048
8549 2248
8550 1280
8551 4126
8552 4588
8553 795
8554 3740
8555 1764
8556 3860
8557 492
8558 3070
8559 1551
8560 3855
8561 2621
8562 1367
8563 3673
8564 3129
8565 3101
8566 1194
8567 2115
8568 3437
8569 1144
8570 2479
8571 2321
8572 2302
8573 4078
8574 4299
8575 4025
8576 689
8577 314
8578 2521
8579 837
8580 2129
8581 1481
8582 2696
8583 10
8584 1565
8585 760
8586 4309
8587 2308
8588 4907
8589 2548
8590 2461
8591 2810
8592 3805
8593 3649
8594 1349
8595 3997
8596 4403
8597 3372
8598 420
8599 2497
8600 3934
8601 4040
8602 3955
8603 404
8604 4816
8605 4614
8606 2903
8607 1192
8608 2583
8609 3401
8610 4195
8611 3846
8612 1363
8613 1018
8614 2455
8615 1998
8616 3808
8617 2128
8618 1953
8619 2514
8620 1350
8621 3736
8622 2894
8623 220
8624 425
8625 4230
8626 654
8627 2175
8628 809
8629 703
8630 4378
8631 1174
8632 3552
8633 2528
8634 2408
8635 3990
8636 3068
8637 1582
8638 1408
8639 171
8640 840
8641 4025
8642 3650
8643 2110
8644 1829
8645 16
8646 2904
8647 1471
8648 4127
8649 1304
8650 3515
8651 1013
8652 2629
8653 2210
8654 4783
8655 4295
8656 3465
8657 2096
8658 3521
8659 3760
8660 2754
8661 2080
8662 1684
8663 193
8664 768
8665 390
8666 3329
8667 3625
8668 976
8669 4480
8670 762
8671 2346
8672 2531
8673 3718
8674 3604
8675 2772
8676 4693
8677 4263
8678 1709
8679 3616
8680 2359
8681 2490
8682 3294
8683 2937
8684 3336
8685 177
8686 3405
8687 1402
8688 270
8689 3514
8690 4825
8691 4298
8692 3126
8693 3851
8694 3865
8695 3637
8696 1996
8697 1074
8698 2024
8699 4980
8700 4536
8701 370
8702 1393
8703 1467
8704 2762
8705 195
8706 1795
8707 4874
8708 62
8709 3203
8710 1099
8711 455
8712 1246
8713 2981
8714 1831
8715 3731
8716 1133
8717 2479
8718 2197
8719 3357
8720 725
8721 143
8722 2907
8723 4703
8724 4273
8725 1871
8726 2727
8727 3790
8728 593
8729 1111
8730 520
8731 788
8732 2863
8733 580
8734 4638
8735 1374
8736 2749
8737 2341
8738 1940
8739 2857
8740 2084
8741 3198
8742 3362
8743 135
8744 3574
8745 4716
8746 925
8747 4215
8748 909
8749 1420
8750 2316
8751 3265
8752 3459
8753 2151
8754 3664
8755 2881
8756 1232
8757 2889
8758 3974
8759 3542
8760 2115
8761 4794
8762 709
8763 4035
8764 478
8765 3661
8766 425
8767 4965
8768 4139
8769 1445
8770 951
8771 1313
8772 300
8773 2048
8774 2582
8775 2450
8776 550
8777 2074
8778 4911
8779 1899
8780 203
8781 2846
8782 3443
8783 2622
8784 3280
8785 2572
8786 888
8787 1608
8788 1202
8789 2195
8790 2072
8791 41
8792 832
8793 101
8794 3750
8795 2396
8796 852
8797 4585
8798 1203
8799 4416
8800 4581
8801 3686
8802 2396
8803 983
8804 2250
8805 4753
8806 2640
8807 632
8808 1442
8809 921
8810 3183
8811 3545
8812 864
8813 3472
8814 841
8815 4652
8816 4882
8817 2913
8818 2850
8819 2657
8820 4276
8821 2506
8822 1373
8823 4607
8824 2482
8825 861
8826 717
8827 3926
8828 1192
8829 207
8830 2125
8831 2650
8832 4547
8833 3869
8834 1208
8835 1014
8836 2324
8837 532
8838 1451
8839 4379
8840 4462
8841 3908
8842 3971
8843 3984
8844 1969
8845 4465
8846 3658
8847 3908
8848 2783
8849 22
8850 137
8851 2169
8852 414
8853 4110
8854 3481
8855 3888
8856 3280
8857 184
8858 4499
8859 3994
8860 3485
8861 963
8862 2472
8863 1059
8864 403
8865 409
8866 4650
8867 2452
8868 1862
8869 1093
8870 1460
8871 4138
8872 3894
8873 2021
8874 4361
8875 1175
8876 3986
8877 1270
8878 4484
8879 2112
8880 2527
8881 4191
8882 4741
8883 2287
8884 2676
8885 1262
8886 868
8887 2263
8888 180
8889 131
8890 2951
8891 3477
8892 1785
8893 3826
8894 3343
8895 3472
8896 3731
8897 1566
8898 4527
8899 2999
8900 511
8901 144
8902 1384
8903 1636
8904 3487
8905 2377
8906 1575
8907 2520
8908 4191
8909 4691
8910 155
8911 254
8912 3128
8913 3521
8914 393
8915 4022
8916 1695
8917 4815
8918 1743
8919 504
8920 2380
8921 2637
8922 3290
8923 3196
8924 754
8925 1512
8926 1580
8927 1374
8928 1900
8929 2934
8930 645
8931 3014
8932 3823
8933 4161
8934 4207
8935 1665
8936 1080
8937 2271
8938 490
8939 2430
8940 3330
8941 3218
8942 3813
8943 1933
8944 764
8945 4529
8946 4155
8947 1390
8948 1408
8949 1123
8950 1175
8951 680
8952 4084
8953 1682
8954 2749
8955 4603
8956 453
8957 2931
8958 4946
8959 377
8960 4887
8961 1171
8962 526
8963 2759
8964 2111
8965 4408
8966 1420
8967 113
8968 4491
8969 4477
8970 2416
8971 1134
8972 3537
8973 1608
8974 3205
8975 2953
8976 3730
8977 4013
8978 4249
8979 1778
8980 1029
8981 2176
8982 3453
8983 2316
8984 3508
8985 1720
8986 470
8987 1722
8988 2381
8989 4894
8990 3565
8991 2940
8992 3349
8993 3989
8994 369
8995 905
8996 551
8997 200
8998 3518
8999 3244
9000 3651
9001 3792
9002 119
9003 4748
9004 2500
9005 712
9006 246
9007 2170
9008 3625
9009 2156
9010 4152
9011 2576
9012 3283
9013 1993
9014 711
9015 4801
9016 3140
9017 2343
9018 661
9019 4336
9020 1765
9021 64
9022 2592
9023 2336
9024 2943
9025 1385
9026 2261
9027 4280
9028 534
9029 3420
9030 1739
9031 3233
9032 3984
9033 4839
9034 4096
9035 1581
9036 3870
9037 3558
9038 1819
9039 3583
9040 2808
9041 1893
9042 2928
9043 4052
9044 3876
9045 4264
9046 2792
9047 1042
9048 1251
9049 4212
9050 1989
9051 2426
9052 1100
9053 1162
9054 1151
9055 2878
9056 4901
9057 3131
9058 2638
9059 3872
9060 2265
9061 4287
9062 1061
9063 4948
9064 1043
9065 1107
9066 97
9067 4707
9068 3933
9069 2675
9070 1832
9071 4681
9072 3085
9073 4516
9074 1815
9075 3476
9076 2229
9077 1241
9078 3369
9079 2375
9080 4649
9081 1223
9082 3234
9083 1858
9084 4941
9085 1423
9086 2513
9087 1381
9088 2843
9089 2507
9090 2003
9091 2078
9092 3623
9093 3372
9094 4443
9095 3981
9096 1397
9097 256
9098 2905
9099 772
9100 4522
9101 3677
9102 4526
9103 1037
9104 663
9105 1538
9106 2065
9107 498
9108 3452
9109 3881
9110 2309
9111 4719
9112 2693
9113 3937
9114 185
9115 1325
9116 939
9117 1296
9118 528
9119 4886
9120 860
9121 1286
9122 877
9123 1206
9124 257
9125 4866
9126 3318
9127 931
9128 4757
9129 664
9130 1355
9131 61
9132 2181
9133 88
9134 4029
9135 2153
9136 2343
9137 2800
9138 4028
9139 3772
9140 1572
9141 3235
9142 4298
9143 985
9144 2547
9145 4245
9146 3791
9147 532
9148 2135
9149 1399
9150 2302
9151 4631
9152 2824
9153 967
9154 2023
9155 3228
9156 1943
9157 1092
9158 4339
9159 1936
9160 2369
9161 4221
9162 4609
9163 2809
9164 3582
9165 4423
9166 161
9167 3556
9168 2964
9169 835
9170 2492
9171 3836
9172 4013
9173 3093
9174 3703
9175 4734
9176 691
9177 1298
9178 4560
9179 4637
9180 498
9181 1728
9182 2132
9183 1266
9184 2967
9185 269
9186 3899
9187 775
9188 182
9189 3278
9190 2368
9191 456
9192 1639
9193 378
9194 4684
9195 1766
9196 2188
9197 517
9198 490
9199 139
9200 4105
9201 1475
9202 3264
9203 2231
9204 2320
9205 3873
9206 693
9207 82
9208 683
9209 3676
9210 3211
9211 4935
9212 1717
9213 2103
9214 1685
9215 1326
9216 2698
9217 3855
9218 374
9219 4396
9220 2058
9221 3568
9222 4721
9223 302
9224 2023
9225 1449
9226 223
9227 1012
9228 1172
9229 2107
9230 3639
9231 760
9232 4025
9233 716
9234 1014
9235 1885
9236 4138
9237 2764
9238 3604
9239 2858
9240 2161
9241 2811
9242 2568
9243 803
9244 1235
9245 3880
9246 1429
9247 4953
9248 3679
9249 2326
9250 1690
9251 1054
9252 334
9253 3293
9254 1662
9255 4923
9256 2160
9257 4154
9258 1522
9259 1017
9260 2576
9261 2653
9262 3840
9263 4083
9264 3864
9265 2821
9266 3359
9267 3734
9268 1439
9269 115
9270 2564
9271 3013
9272 1107
9273 2660
9274 714
9275 2885
9276 1550
9277 2899
9278 3311
9279 4860
9280 2138
9281 3452
9282 1670
9283 3875
9284 4813
9285 2483
9286 3146
9287 2936
9288 3252
9289 2417
9290 1800
9291 4955
9292 2731
9293 1426
9294 1741
9295 677
9296 88
9297 4687
9298 1197
9299 4597
9300 3
9301 2081
9302 4354
9303 3275
9304 1354
9305 629
9306 389
9307 2529
9308 744
9309 3691
9310 4692
9311 1554
9312 4451
9313 4659
9314 1185
9315 3154
9316 4931
9317 638
9318 1812
9319 4907
9320 3703
9321 1420
9322 4729
9323 1272
9324 3922
9325 833
9326 1460
9327 1357
9328 3182
9329 1454
9330 298
9331 1307
9332 140
9333 4511
9334 3528
9335 4057
9336 2345
9337 4745
9338 4639
9339 2478
9340 2279
9341 4933
9342 3526
9343 4807
9344 3953
9345 1763
9346 2865
9347 3605
9348 3616
9349 3743
9350 2223
9351 1385
9352 4997
9353 2891
9354 3204
9355 2494
9356 2298
9357 4995
9358 3892
9359 1778
9360 2603
9361 3362
9362 4140
9363 1082
9364 3671
9365 3092
9366 4786
9367 4614
9368 3143
9369 2079
9370 3716
9371 3807
9372 1035
9373 1150
9374 4788
9375 1373
9376 4018
9377 3958
9378 2056
9379 2859
9380 2391
9381 2534
9382 1366
9383 2184
9384 3837
9385 1661
9386 4372
9387 292
9388 2042
9389 4579
9390 1265
9391 3286
9392 2969
9393 3865
9394 2994
9395 3156
9396 2155
9397 4738
9398 1585
9399 451
9400 2686
9401 3419
9402 3227
9403 4113
9404 603
9405 668
9406 3159
9407 3958
9408 2374
9409 47
9410 4040
9411 1217
9412 2720
9413 2014
9414 388
9415 1914
9416 527
9417 3457
9418 900
9419 1797
9420 787
9421 2875
9422 2944
9423 5
9424 1512
9425 3990
9426 4264
9427 1647
9428 1366
9429 233
9430 1011
9431 1980
9432 1300
9433 4193
9434 3533
9435 1953
9436 1821
9437 4824
9438 1954
9439 1443
9440 1676
9441 934
9442 2489
9443 2651
9444 3618
9445 2221
9446 2593
9447 1765
9448 3605
9449 3950
9450 3506
9451 2163
9452 1274
9453 3126
9454 2489
9455 2187
9456 1767
9457 2947
9458 4071
9459 4693
9460 2022
9461 3124
9462 4898
9463 4426
9464 3456
9465 1640
9466 401
9467 2530
9468 2565
9469 3413
9470 3303
9471 349
9472 1330
9473 3351
9474 4181
9475 2055
9476 500
9477 246
9478 2686
9479 2536
9480 726
9481 4053
9482 4728
9483 3380
9484 4275
9485 2107
9486 959
9487 804
9488 3527
9489 4989
9490 92
9491 4820
9492 1760
9493 4861
9494 2194
9495 3986
9496 1780
9497 3236
9498 1899
9499 4635
9500 3792
9501 1396
9502 4581
9503 2559
9504 561
9505 4849
9506 4964
9507 3746
9508 283
9509 3496
9510 2263
9511 3924
9512 800
9513 1473
9514 3954
9515 4337
9516 2754
9517 4953
9518 1467
9519 3394
9520 4031
9521 2526
9522 644
9523 571
9524 3366
9525 1187
9526 2580
9527 234
9528 2307
9529 1364
9530 1549
9531 3835
9532 1826
9533 1854
9534 1092
9535 4291
9536 2736
9537 35
9538 1961
9539 1213
9540 2740
9541 4211
9542 1557
9543 47
9544 2369
9545 3501
9546 3690
9547 2135
9548 2281
9549 1241
9550 4986
9551 1155
9552 415
9553 478
9554 26
9555 4385
9556 4250
9557 4784
9558 1337
9559 4782
9560 998
9561 4240
9562 2725
9563 1908
9564 1901
9565 190
9566 4995
9567 1311
9568 934
9569 3049
9570 2039
9571 3121
9572 3102
9573 236
9574 2428
9575 1233
9576 3247
9577 1069
9578 2089
9579 4654
9580 2700
9581 2315
9582 2409
9583 2291
9584 3407
9585 1894
9586 100
9587 1715
9588 2177
9589 4159
9590 467
9591 1183
9592 1492
9593 3081
9594 4303
9595 2535
9596 2951
9597 4585
9598 487
9599 407
9600 4768
9601 1310
9602 1518
9603 561
9604 911
9605 2029
9606 2611
9607 2052
9608 1403
9609 4039
9610 1725
9611 4361
9612 1043
9613 4870
9614 2847
9615 1605
9616 2275
9617 4805
9618 3133
9619 1413
9620 2241
9621 3793
9622 1059
9623 1090
9624 4117
9625 534
9626 2559
9627 3238
9628 3646
9629 2703
9630 236
9631 2108
9632 3459
9633 492
9634 2132
9635 550
9636 121
9637 936
9638 1204
9639 593
9640 2090
9641 2756
9642 4615
9643 3378
9644 695
9645 775
9646 3190
9647 1344
9648 1019
9649 340
9650 880
9651 2350
9652 95
9653 523
9654 1908
9655 1664
9656 1149
9657 344
9658 4322
9659 3568
9660 4689
9661 4642
9662 3057
9663 4655
9664 150
9665 766
9666 3243
9667 782
9668 452
9669 3703
9670 414
9671 4002
9672 1233
9673 847
9674 3497
9675 4795
9676 1808
9677 3159
9678 3912
9679 3297
9680 821
9681 2082
9682 4924
9683 1294
9684 1428
9685 1194
9686 4381
9687 4231
9688 3323
9689 3277
9690 1367
9691 4542
9692 2347
9693 2140
9694 2845
9695 4219
9696 2486
9697 4281
9698 300
9699 630
9700 4993
9701 3240
9702 3551
9703 262
9704 64
9705 4263
9706 4349
9707 230
9708 2966
9709 3734
9710 1126
9711 2133
9712 3743
9713 1680
9714 3260
9715 2037
9716 2690
9717 1541
9718 3540
9719 4188
9720 2585
9721 4298
9722 1073
9723 4334
9724 3252
9725 4030
9726 3756
9727 1368
9728 4430
9729 3903
9730 4554
9731 3397
9732 4052
9733 646
9734 4267
9735 1222
9736 1000
9737 1585
9738 171
9739 3647
9740 4104
9741 1378
9742 4889
9743 4
9744 2667
9745 713
9746 3136
9747 767
9748 3075
9749 1337
9750 503
9751 2161
9752 1109
9753 987
9754 3313
9755 213
9756 430
9757 2942
9758 1638
9759 3795
9760 4334
9761 3197
9762 4019
9763 4817
9764 263
9765 3468
9766 2055
9767 1888
9768 4783
9769 564
9770 1001
9771 1416
9772 666
9773 1963
9774 3758
9775 2381
9776 2496
9777 3792
9778 133
9779 2699
9780 2742
9781 784
9782 1071
9783 1412
9784 1550
9785 3216
9786 3611
9787 1729
9788 600
9789 3258
9790 1709
9791 278
9792 4263
9793 2664
9794 683
9795 2804
9796 4933
9797 219
9798 3987
9799 943
9800 3861
9801 922
9802 197
9803 3627
9804 4027
9805 4432
9806 596
9807 157
9808 2599
9809 2928
9810 3511
9811 4949
9812 2298
9813 3152
9814 588
9815 1497
9816 3556
9817 4072
9818 2539
9819 154
9820 2708
9821 317
9822 2491
9823 907
9824 566
9825 2226
9826 3970
9827 3456
9828 649
9829 1148
9830 2710
9831 2541
9832 2020
9833 3402
9834 1956
9835 1656
9836 3154
9837 3133
9838 4629
9839 2985
9840 510
9841 3140
9842 2789
9843 658
9844 3523
9845 3670
9846 64
9847 3172
9848 1526
9849 2027
9850 1363
9851 4170
9852 2720
9853 868
9854 989
9855 3550
9856 695
9857 4964
9858 453
9859 3302
9860 128
9861 254
9862 689
9863 4332
9864 273
9865 64
9866 90
9867 1977
9868 2522
9869 1392
9870 4749
9871 3879
9872 1868
9873 4314
9874 582
9875 4371
9876 1348
9877 4672
9878 3541
9879 4552
9880 3616
9881 4364
9882 3949
9883 1808
9884 4662
9885 4775
9886 4122
9887 1575
9888 1278
9889 2097
9890 4815
9891 2808
9892 1321
9893 3553
9894 699
9895 1745
9896 3987
9897 832
9898 3054
9899 1223
9900 1279
9901 1347
9902 4072
9903 52
9904 1620
9905 4314
9906 1695
9907 3661
9908 2081
9909 1986
9910 1713
9911 3516
9912 2003
9913 1848
9914 4905
9915 3634
9916 2908
9917 2969
9918 1403
9919 2816
9920 2439
9921 4223
9922 2062
9923 1125
9924 3764
9925 3593
9926 2569
9927 3524
9928 1273
9929 1291
9930 214
9931 2504
9932 3661
9933 26
9934 740
9935 16
9936 1462
9937 3342
9938 3450
9939 2006
9940 2887
9941 2574
9942 1792
9943 1366
9944 4389
9945 4649
9946 3988
9947 2191
9948 722
9949 1654
9950 3871
9951 4797
9952 3374
9953 3804
9954 984
9955 2089
9956 1183
9957 224
9958 1174
9959 3506
9960 2616
9961 1739
9962 4375
9963 2967
9964 658
9965 1674
9966 4984
9967 1924
9968 3539
9969 4553
9970 2281
9971 2915
9972 2515
9973 3427
9974 3629
9975 2733
9976 1763
9977 4516
9978 1748
9979 2684
9980 48
9981 2762
9982 4270
9983 1201
9984 4163
9985 3897
9986 3865
9987 1474
9988 344
9989 2613
9990 680
9991 3656
9992 1759
9993 2482
9994 557
9995 2611
9996 2927
9997 1334
9998 2420
9999 3166
10000 391
